0.99896 -0.000939094 0.0455961 0 -1.6263e-19 0.999788 0.0205915 0 -0.0456058 -0.0205701 0.998748 0
0.931514 0.363693 0.00313788 0.934715 -0.363357 0.930961 -0.0358181 0.078063 -0.015948 0.0322249 0.999353 -0.0237713
0.95628 0.29149 -0.0237129 1.97482 -0.291842 0.956378 -0.0130121 0.271503 0.0188856 0.0193636 0.999634 -0.0329683
0.979395 0.196033 -0.0485543 3.02017 -0.200283 0.973676 -0.10882 0.495136 0.025944 0.116302 0.992875 -0.06019
0.949862 0.291481 -0.113146 4.04876 -0.311237 0.916041 -0.252983 0.65458 0.0299068 0.275514 0.960832 -0.0507677
0.62683 0.727683 -0.278498 4.89922 -0.77856 0.598955 -0.187344 0.625515 0.0304805 0.33426 0.941988 -0.0636063
0.0812458 0.927604 -0.364623 5.0573 -0.996681 0.0737395 -0.034488 0.571314 -0.0051041 0.366215 0.930516 -0.0512969
-0.430841 0.835771 -0.340387 5.04728 -0.895231 -0.348294 0.277944 0.533264 0.113742 0.424475 0.898267 -0.0703527
-0.856282 0.502216 -0.120667 5.14079 -0.50134 -0.751933 0.428082 0.499465 0.124256 0.427054 0.895648 -0.0465918
-0.982291 0.0392701 0.183202 5.27244 0.0596217 -0.861448 0.504334 0.569543 0.177624 0.506326 0.843851 -0.0451695
-0.814143 -0.36979 0.44769 5.33197 0.538108 -0.770201 0.342389 0.65692 0.218199 0.51966 0.826041 -0.0528197
-0.443764 -0.733546 0.514766 5.54077 0.877114 -0.473283 0.0817004 0.562919 0.183699 0.487764 0.853429 -0.0425073
0.112572 -0.818647 0.563156 6.05989 0.979161 -0.00501671 -0.203023 0.576892 0.169029 0.574276 0.801022 -0.0745627
0.657991 -0.672567 0.338677 6.45547 0.746161 0.521738 -0.413562 0.62443 0.101447 0.524827 0.845142 -0.10201
0.959011 -0.267077 0.0946939 6.78157 0.279271 0.834192 -0.475533 0.687323 0.0480112 0.482487 0.874586 -0.0943974
0.976373 0.176129 -0.125194 7.60582 -0.208874 0.91771 -0.337906 0.817078 0.0553766 0.356072 0.932816 -0.0720654
0.960604 0.250597 -0.120169 8.68688 -0.269135 0.94664 -0.17731 1.00935 0.0693229 0.202667 0.976791 -0.0661973
0.928351 0.371705 -0.000251227 9.719 -0.367792 0.91848 -0.145341 1.04386 -0.0537931 0.135019 0.989382 -0.0675495
0.826444 0.56299 0.00578342 10.7613 -0.55733 0.819506 -0.133391 0.907618 -0.0798374 0.107017 0.991047 -0.135822
0.836706 0.544902 0.0548096 11.7774 -0.534652 0.83442 -0.133756 0.796177 -0.118618 0.0826104 0.989497 -0.109434
0.936444 0.349681 -0.0282135 12.8645 -0.350811 0.933868 -0.06944 0.781477 0.0020658 0.0749242 0.997187 -0.130785
0.933227 0.358402 -0.025193 13.8621 -0.359106 0.928238 -0.0970461 0.814204 -0.0113964 0.099613 0.994961 -0.104788
0.932502 0.360693 0.0184326 14.8738 -0.357676 0.929369 -0.0913285 0.900972 -0.0500723 0.0785712 0.99565 -0.145747
0.930396 0.364502 0.0387489 15.9419 -0.358511 0.926903 -0.111003 0.994125 -0.0763772 0.0893846 0.993064 -0.12822
0.950484 0.301573 0.075063 16.9644 -0.291688 0.949037 -0.11936 1.10451 -0.107233 0.0915544 0.99001 -0.148783
0.979658 0.194718 0.0485336 17.9876 -0.184815 0.969682 -0.159874 1.26407 -0.0781925 0.147652 0.985944 -0.181251
0.929514 0.341202 0.139946 19.0732 -0.321808 0.935777 -0.144085 1.41277 -0.180121 0.0888932 0.97962 -0.169053
0.951796 0.306662 -0.00651224 20.0533 -0.306145 0.94845 -0.0819572 1.60888 -0.0189566 0.0800003 0.996615 -0.127953
0.977791 0.209214 -0.0124538 21.0297 -0.208881 0.977652 0.0237726 1.79249 0.0171491 -0.0206433 0.99964 -0.124419
0.93105 0.360494 -0.0564739 22.0897 -0.330913 0.899396 0.285628 2.08822 0.15376 -0.247246 0.956675 -0.125028
0.956591 -0.117686 -0.266617 22.6905 0.195652 0.937362 0.288222 2.5573 0.215997 -0.327875 0.919698 -0.0936154
0.667059 -0.629975 -0.397699 22.8958 0.697729 0.715402 0.0370656 2.90354 0.261165 -0.302211 0.916767 -0.0993189
0.0747637 -0.911456 -0.404546 22.9074 0.957208 0.179332 -0.227141 3.09449 0.279577 -0.370253 0.885861 -0.0808293
-0.469505 -0.85856 -0.206009 22.8462 0.843388 -0.367057 -0.392386 3.07835 0.26127 -0.357973 0.896434 -0.110371
-0.868546 -0.495578 -0.00551699 22.865 0.438222 -0.76273 -0.47561 2.95147 0.231494 -0.415507 0.879639 -0.0886171
-0.965727 0.0134038 0.259215 22.9197 -0.124382 -0.900431 -0.416837 2.85555 0.227818 -0.434792 0.871237 -0.0806946
-0.718373 0.499286 0.484411 23.1518 -0.642286 -0.743517 -0.18615 2.68347 0.267226 -0.444856 0.854806 -0.0572859
-0.229615 0.841939 0.488279 23.6122 -0.945416 -0.312129 0.0936188 2.5148 0.231227 -0.44013 0.867652 -0.0771807
0.30817 0.86977 0.385398 24.2148 -0.930185 0.190546 0.313765 2.23717 0.199467 -0.455184 0.867767 -0.140115
0.624201 0.772594 0.116069 25.1353 -0.776968 0.598323 0.19578 1.87897 0.0818112 -0.212388 0.973755 -0.151711
0.629147 0.776428 0.0365317 26.0342 -0.777188 0.629119 0.0136947 1.4479 -0.0123498 -0.037008 0.999239 -0.167481
0.586154 0.807955 0.0602588 26.9423 -0.798158 0.588619 -0.12834 0.991455 -0.139162 0.0271308 0.989898 -0.187806
0.567467 0.822759 0.0323879 27.9055 -0.777096 0.548148 -0.309283 0.572292 -0.272219 0.15034 0.950418 -0.198889
0.55404 0.831365 -0.0432661 28.9078 -0.825975 0.542472 -0.153263 0.260162 -0.103947 0.120651 0.987238 -0.207952
0.467542 0.883003 0.0413655 29.8811 -0.842104 0.459141 -0.282932 -0.168078 -0.268822 0.0974484 0.958248 -0.212299
0.304719 0.951485 0.0426878 30.8074 -0.926468 0.306507 -0.218427 -0.56677 -0.220914 0.02701 0.974919 -0.219519
0.214938 0.972801 -0.086375 31.7061 -0.929109 0.176427 -0.325007 -1.02752 -0.300929 0.150108 0.941759 -0.299803
0.0125633 0.994701 -0.102043 32.6614 -0.928464 -0.0262809 -0.370492 -1.52117 -0.371211 0.0993979 0.923213 -0.293944
0.41197 0.910974 0.0201536 33.7534 -0.869625 0.399683 -0.289836 -1.84131 -0.272088 0.101878 0.956864 -0.304365
0.742767 0.649216 0.163756 34.8283 -0.645632 0.759268 -0.0816738 -1.93314 -0.177359 -0.0450616 0.983114 -0.254448
0.849859 0.467157 0.243936 35.8564 -0.515191 0.833921 0.197872 -1.9214 -0.110986 -0.293837 0.94939 -0.298493
0.948577 0.271301 0.163086 36.9484 -0.310459 0.89791 0.312046 -1.79318 -0.0617779 -0.346631 0.935965 -0.239756
0.968609 0.229511 0.0955015 37.9541 -0.248032 0.917967 0.309544 -1.45728 -0.0166235 -0.323514 0.946077 -0.234455
0.970552 0.17906 0.161142 38.9555 -0.216638 0.94132 0.258814 -0.945444 -0.105343 -0.286102 0.952391 -0.23683
0.9954 0.00109913 0.0957994 39.7934 -0.0171861 0.985763 0.167261 -0.307065 -0.0942516 -0.168138 0.981247 -0.17561
0.99404 -0.0485058 0.0976349 40.6834 0.0519653 0.998097 -0.0332059 0.286317 -0.0958384 0.0380816 0.994668 -0.230157
0.981867 0.143588 0.123771 41.6656 -0.134509 0.987768 -0.0788753 0.604988 -0.133583 0.0607968 0.989171 -0.189215
0.976942 0.213101 -0.0131554 42.778 -0.212889 0.967582 -0.135883 0.713135 -0.0162278 0.13555 0.990638 -0.0820954
0.992392 0.112985 0.0489109 43.8629 -0.107794 0.989311 -0.0982062 0.773443 -0.0594839 0.0921867 0.993963 -0.0419681
0.99707 0.0672739 0.0364113 44.8612 -0.0620623 0.989691 -0.129077 0.898349 -0.0447194 0.126439 0.990966 -0.0798323
0.993187 0.0856432 0.0790291 45.8459 -0.0668741 0.974244 -0.21535 1.10694 -0.0954369 0.208598 0.973334 -0.0849896
0.997034 0.0485116 0.0597544 46.8397 -0.0440278 0.996271 -0.0741943 1.21492 -0.0631309 0.0713433 0.995452 -0.060278
0.979238 -0.184212 0.0846107 47.7996 0.188444 0.98105 -0.0450402 1.47842 -0.0747104 0.0600495 0.995396 -0.00712199
0.976782 -0.210548 0.0395688 48.7791 0.21326 0.973207 -0.0859521 1.82937 -0.0204116 0.0923949 0.995513 0.0720099
0.99763 -0.0620574 -0.0297185 49.8001 0.0588548 0.993381 -0.0986397 2.10229 0.0356431 0.0966569 0.994679 0.0988146
0.998553 0.053759 0.00102736 50.8892 -0.0531681 0.990065 -0.130171 2.32686 -0.00801501 0.129928 0.991491 0.122097
0.999293 0.0141708 0.0348239 51.862 -0.00871691 0.988335 -0.152043 2.54433 -0.0365723 0.151632 0.98776 0.13335
0.988553 0.115665 0.0968782 52.9227 -0.0958498 0.977328 -0.188791 2.60037 -0.116518 0.177344 0.977227 0.136962
0.963183 0.265169 -0.044325 53.9519 -0.268323 0.958443 -0.0969043 2.61632 0.016787 0.10523 0.994306 0.125557
0.955414 0.293427 0.0329385 55.0478 -0.287246 0.949478 -0.12642 2.64211 -0.0683695 0.111322 0.99143 0.129526
0.982853 0.184343 0.00414179 56.0385 -0.182816 0.977146 -0.108466 2.73773 -0.024042 0.105849 0.994092 0.0859121
0.991451 0.13046 0.0023371 57.0894 -0.12799 0.975853 -0.177002 2.87616 -0.0253723 0.175189 0.984208 0.101216
0.971214 0.234878 -0.0397043 58.1239 -0.238156 0.960986 -0.140667 3.01875 0.00511571 0.146073 0.989261 0.0842448
0.964506 0.257868 0.0568482 59.1822 -0.241103 0.947801 -0.208669 3.22983 -0.10769 0.187557 0.976333 0.0809955
0.995856 0.0777043 0.0472429 60.2814 -0.0699307 0.986452 -0.148396 3.47861 -0.0581339 0.144477 0.987799 0.084825
0.998069 -0.0134245 0.060643 61.3279 0.0171604 0.997959 -0.0615105 3.81973 -0.0596935 0.0624324 0.996262 0.0969078
0.994596 0.0374871 0.096819 62.3749 -0.0284006 0.995207 -0.0935791 4.12698 -0.0998629 0.0903236 0.990893 0.0374929
0.995914 -0.0108349 0.0896498 63.3599 0.0153444 0.998643 -0.0497663 4.43015 -0.088989 0.0509386 0.994729 0.0683561
0.981172 -0.157364 0.111977 64.3327 0.162106 0.986169 -0.0345257 4.82776 -0.104995 0.0520278 0.993111 0.137863
0.943417 -0.311995 0.112352 65.1782 0.31363 0.94954 0.00326991 5.35941 -0.107703 0.032152 0.993663 0.199584
0.902806 -0.424703 0.0675949 66.0087 0.422197 0.905204 0.0485395 5.98263 -0.0818021 -0.0152834 0.996531 0.336201
0.853134 -0.504753 0.131861 66.8245 0.507492 0.861535 0.01444 6.72975 -0.120892 0.0545993 0.991163 0.4636
0.816282 -0.571585 0.0835117 67.4486 0.568014 0.820529 0.0639687 7.50599 -0.105087 -0.00478075 0.994452 0.611907
0.763394 -0.637711 0.102738 68.0768 0.640064 0.76822 0.0124705 8.43436 -0.086878 0.0562391 0.99463 0.785093
0.639959 -0.766725 0.0508405 68.51 0.76414 0.641974 0.0629243 9.35712 -0.0808839 -0.00141973 0.996723 0.890344
0.713893 -0.700248 -0.00315384 68.9503 0.699954 0.713711 -0.0260959 10.3944 0.0205245 0.0164221 0.999654 1.03029
0.669313 -0.742933 -0.00833704 69.2551 0.739821 0.665391 0.0995987 11.3534 -0.0684478 -0.0728306 0.994993 1.16942
0.553109 -0.830905 -0.06056 69.5503 0.833102 0.551923 0.0363558 12.3199 0.00321625 -0.0705614 0.997502 1.2778
0.42571 -0.904839 0.00619495 69.7316 0.899482 0.423915 0.105966 13.43 -0.0985079 -0.0395384 0.99435 1.34776
0.441779 -0.897116 0.00391751 69.8939 0.89205 0.43974 0.104288 14.5218 -0.0952812 -0.0425777 0.994539 1.50667
0.139517 -0.9718 0.190102 69.978 0.988765 0.147123 0.0264289 15.5175 -0.053652 0.184279 0.981409 1.5483
0.297769 -0.951013 0.0831171 70.1234 0.949631 0.303988 0.0761078 16.5321 -0.097646 0.0562681 0.993629 1.67729
0.301783 -0.938889 0.165574 70.3064 0.949446 0.311727 0.0371431 17.6051 -0.0864869 0.145994 0.985498 1.74329
0.345536 -0.902156 0.2583 70.5739 0.923643 0.375594 0.0762382 18.6579 -0.165795 0.212234 0.963052 1.83894
0.57407 -0.798649 0.180561 71.0218 0.815208 0.578128 -0.034701 19.6098 -0.0766734 0.167116 0.982951 1.89239
0.744973 -0.593902 0.303801 71.6137 0.633788 0.772224 -0.0445326 20.4308 -0.208154 0.225721 0.951694 1.90255
0.891957 -0.398708 0.213178 72.3784 0.426897 0.897986 -0.106672 21.1176 -0.148899 0.186152 0.971173 1.92652
0.859416 -0.370634 0.352186 73.1763 0.421866 0.903217 -0.0789216 21.7503 -0.288849 0.216402 0.932597 1.97406
0.839126 -0.378707 0.390447 74.0283 0.45358 0.883369 -0.117999 22.3001 -0.300222 0.276115 0.913032 1.99101
0.8681 -0.252061 0.427631 75.0161 0.361371 0.911523 -0.196308 22.7406 -0.340314 0.324948 0.88238 2.02435
0.942096 -0.125746 0.310875 75.9776 0.19098 0.963196 -0.189155 23.0388 -0.275648 0.237573 0.931438 2.06481
0.938418 0.118982 0.32437 77.0622 -0.0503782 0.97592 -0.212229 23.2338 -0.34181 0.182819 0.921815 2.09331
0.935685 0.222404 0.273918 78.1556 -0.183417 0.969784 -0.160864 23.2878 -0.301418 0.100276 0.948205 2.08351
0.92452 0.28788 0.249778 79.2257 -0.229028 0.943457 -0.239657 23.1746 -0.304647 0.164362 0.938177 2.10444
0.93291 0.280819 0.225432 80.2288 -0.217723 0.93848 -0.268052 23.0066 -0.286838 0.200987 0.936658 2.06071
0.900809 0.369087 0.228731 81.2104 -0.302041 0.911064 -0.280597 22.8091 -0.311953 0.183678 0.932174 2.09013
0.94277 0.26103 0.207479 82.2202 -0.189814 0.931703 -0.309677 22.6141 -0.274144 0.252572 0.927929 2.04985
0.941204 0.182533 0.284282 83.2277 -0.0781519 0.936287 -0.34243 22.3688 -0.328674 0.30008 0.895503 2.03068
0.949006 0.219866 0.225937 84.2174 -0.122011 0.916968 -0.379845 22.1623 -0.290692 0.332908 0.897034 2.00567
0.884077 0.458383 0.091067 85.2239 -0.370525 0.806246 -0.46117 21.903 -0.284815 0.373967 0.882626 2.01062
0.610477 0.751421 -0.250368 85.679 -0.770512 0.490246 -0.407394 21.5971 -0.183383 0.441616 0.878263 2.00235
0.0652574 0.898246 -0.434621 85.8104 -0.986337 -0.0079607 -0.164549 21.4251 -0.151265 0.439421 0.885454 1.99792
-0.474529 0.773503 -0.420138 85.8909 -0.87459 -0.468302 0.125637 21.3126 -0.0995707 0.427067 0.898721 1.98937
-0.870993 0.447575 -0.202602 86.0281 -0.491141 -0.782932 0.381834 21.2356 0.0122758 0.432081 0.901751 2.01267
-0.996577 0.00586471 0.0824633 86.2589 0.0366258 -0.862929 0.503997 21.2654 0.0741158 0.505292 0.85976 2.02206
-0.811776 -0.442833 0.380683 86.544 0.573746 -0.726252 0.378648 21.4466 0.108794 0.525792 0.843627 2.02398
-0.382671 -0.720038 0.578886 86.9411 0.915222 -0.381045 0.131048 21.5749 0.126222 0.579957 0.804809 2.04586
0.159813 -0.789519 0.592553 87.2425 0.973995 0.0284552 -0.224776 21.4262 0.160603 0.613066 0.773535 2.06182
0.668903 -0.649333 0.36185 87.4729 0.733766 0.498856 -0.461227 21.094 0.118979 0.574029 0.810145 2.06279
0.94587 -0.275033 0.172301 87.749 0.323731 0.837176 -0.440834 20.7944 -0.0230027 0.472751 0.880896 2.03201
0.964787 -0.22181 0.141372 88.1086 0.208762 0.972691 0.101444 20.7858 -0.160012 -0.0683593 0.984745 2.03169
0.772891 -0.629264 -0.0816489 88.5887 0.615263 0.711707 0.339004 21.3518 -0.155213 -0.312249 0.937235 2.02058
0.383089 -0.859786 -0.337655 88.6091 0.91796 0.313629 0.242872 21.6703 -0.102919 -0.402995 0.909397 2.03617
-0.261307 -0.857989 -0.442237 88.3407 0.963626 -0.258492 -0.0678799 21.7966 -0.0560745 -0.443888 0.894326 2.02652
-0.780009 -0.520356 -0.347586 88.1591 0.621579 -0.708441 -0.334293 21.738 -0.0722928 -0.476804 0.876032 2.03455
-0.987702 0.0321553 -0.153008 88.0906 0.0482867 -0.868049 -0.494125 21.4648 -0.148707 -0.495437 0.85582 2.02125
-0.859831 0.508356 0.0475909 88.0044 -0.460093 -0.731026 -0.5039 20.6933 -0.22137 -0.455165 0.86245 1.9534
-0.503271 0.820608 0.270778 87.9423 -0.845762 -0.403503 -0.349102 19.9037 -0.177216 -0.404707 0.89711 1.91449
-0.162971 0.986165 0.0303081 88.0143 -0.965215 -0.152992 -0.212022 18.9092 -0.204452 -0.0638072 0.976795 1.84149
-0.123942 0.992197 -0.0135431 88.0535 -0.965877 -0.123759 -0.22752 17.8387 -0.227421 -0.0151183 0.973679 1.73469
-0.155994 0.986577 -0.0482915 88.2444 -0.961039 -0.162887 -0.223318 16.7813 -0.228187 0.0115738 0.973549 1.68617
-0.0672441 0.993193 -0.0951066 88.4381 -0.977036 -0.0848656 -0.195444 15.7733 -0.202185 0.0797801 0.976092 1.62
-0.0811572 0.983239 -0.163262 88.5062 -0.957708 -0.122298 -0.26046 14.7544 -0.276061 0.135219 0.951581 1.53559
-0.170023 0.970285 -0.172161 88.5574 -0.968526 -0.196764 -0.152449 13.7181 -0.181794 0.140823 0.973201 1.48743
-0.0668566 0.962613 -0.262501 88.66 -0.964363 -0.129844 -0.230532 12.641 -0.255998 0.237734 0.936989 1.46392
-0.0610876 0.971166 -0.230446 88.7055 -0.982289 -0.099467 -0.158793 11.5315 -0.177136 0.216664 0.960041 1.38994
-0.140656 0.941766 -0.30544 88.6044 -0.959097 -0.20616 -0.193988 10.4032 -0.245661 0.265661 0.932242 1.32801
-0.200993 0.921728 -0.331691 88.4525 -0.946699 -0.269778 -0.176016 9.30327 -0.251722 0.278634 0.926822 1.2226
-0.233622 0.929951 -0.283923 88.3526 -0.935423 -0.294645 -0.195368 8.22546 -0.265339 0.219946 0.938733 1.21055
-0.107833 0.957526 -0.267423 88.3166 -0.963637 -0.166821 -0.208747 7.23101 -0.244492 0.235189 0.940696 1.13227
-0.10071 0.954176 -0.281791 88.2866 -0.976633 -0.14886 -0.155014 6.12195 -0.189858 0.259595 0.946871 1.13705
-0.148585 0.949267 -0.277155 88.302 -0.9677 -0.197293 -0.156946 5.08084 -0.203665 0.244883 0.94792 1.03942
-0.0458293 0.972216 -0.229555 88.3802 -0.970173 -0.0980766 -0.221687 3.96363 -0.238041 0.212548 0.947713 1.05252
-0.0111126 0.972313 -0.233419 88.3956 -0.975106 -0.0622365 -0.212825 2.87832 -0.221459 0.225243 0.9488 0.956046
-0.0389889 0.964344 -0.261764 88.4533 -0.96597 -0.103409 -0.237084 1.80633 -0.255699 0.243612 0.935559 0.913388
-0.114667 0.968427 -0.221362 88.5363 -0.970843 -0.156465 -0.18161 0.711786 -0.210512 0.194083 0.958132 0.826945
-0.146649 0.951955 -0.268843 88.6276 -0.962204 -0.200326 -0.184478 -0.299101 -0.229471 0.231628 0.945352 0.811125
-0.0779728 0.945084 -0.317389 88.7011 -0.957079 -0.160098 -0.241595 -1.29492 -0.279141 0.284929 0.917004 0.738211
-0.0777961 0.924053 -0.374264 88.8226 -0.981845 -0.136152 -0.132068 -2.40328 -0.172995 0.357196 0.917869 0.695249
-0.00463637 0.918321 -0.39581 88.9467 -0.94955 -0.128164 -0.286231 -3.40583 -0.31358 0.374514 0.872586 0.619027
-0.00220693 0.928546 -0.37121 89.0663 -0.957926 -0.108503 -0.265715 -4.42742 -0.287006 0.355005 0.889718 0.563248
-0.0175313 0.930154 -0.366751 89.2225 -0.969632 -0.105309 -0.220736 -5.56212 -0.243941 0.351744 0.903753 0.513848
-0.0999039 0.936473 -0.33621 89.3238 -0.944233 -0.195782 -0.264751 -6.59293 -0.313757 0.291011 0.903808 0.484046
-0.0116243 0.962064 -0.272575 89.4934 -0.977963 -0.0677659 -0.197476 -7.70551 -0.208456 0.264273 0.941651 0.467373
-0.0203817 0.940051 -0.340423 89.6553 -0.964293 -0.10841 -0.241631 -8.74914 -0.264051 0.323343 0.908695 0.409592
-0.0549159 0.922814 -0.381311 89.8155 -0.939608 -0.176964 -0.292951 -9.7975 -0.337818 0.342195 0.876802 0.411578
0.0165962 0.918774 -0.394435 89.9607 -0.95816 -0.0981266 -0.268886 -10.8284 -0.28575 0.382394 0.878705 0.340965
-0.145108 0.962009 -0.231264 90.104 -0.958518 -0.194639 -0.208228 -11.9608 -0.24533 0.191455 0.950346 0.329336
-0.230928 0.949305 -0.213291 90.267 -0.963042 -0.254249 -0.0889204 -12.9762 -0.138642 0.184874 0.972934 0.314407
-0.184625 0.967227 -0.174315 90.4792 -0.960668 -0.21504 -0.175713 -14.0395 -0.207439 0.135018 0.968886 0.249219
-0.0669552 0.980463 -0.184955 90.6211 -0.980733 -0.0987681 -0.168545 -15.1551 -0.18352 0.170107 0.968186 0.192524
-0.189317 0.957405 -0.218023 90.7344 -0.959987 -0.227133 -0.163817 -16.2437 -0.20636 0.178286 0.962097 0.106348
-0.163864 0.972964 -0.162755 90.9092 -0.953902 -0.198331 -0.225244 -17.227 -0.251434 0.118343 0.960612 0.124606
-0.103898 0.987887 -0.115261 91.1112 -0.974317 -0.124373 -0.187716 -18.2208 -0.199778 0.0927973 0.975437 0.0870945
0.010391 0.986501 -0.163424 91.3262 -0.957844 -0.0371045 -0.284882 -19.3238 -0.2871 0.159495 0.944529 0.0750088
0.080076 0.993943 -0.0752662 91.5328 -0.960417 0.0567225 -0.27273 -20.3067 -0.266809 0.0941261 0.959142 0.144078
0.12837 0.987484 -0.0916376 91.6847 -0.961952 0.101511 -0.253662 -21.3214 -0.241184 0.120713 0.962943 0.0872778
0.0699936 0.980945 -0.181238 91.7694 -0.976476 0.0302297 -0.213495 -22.356 -0.203948 0.191918 0.959986 0.0706112
-0.105849 0.930527 -0.350594 91.6315 -0.965219 -0.180907 -0.188743 -23.4499 -0.239055 0.318422 0.917311 -0.0371183
-0.460684 0.865073 -0.198544 91.25 -0.847706 -0.495128 -0.190374 -24.3632 -0.262992 0.0806044 0.961425 -0.0196626
-0.601774 0.792714 -0.0973229 90.6774 -0.776959 -0.609273 -0.158497 -25.2037 -0.184939 -0.0197633 0.982551 -0.0822207
-0.597959 0.792485 -0.12005 90.1114 -0.787103 -0.608861 -0.0987795 -26.0454 -0.151375 0.0354254 0.987841 -0.0568392
-0.650466 0.755171 -0.0813076 89.5688 -0.745309 -0.655236 -0.123205 -26.9151 -0.146316 -0.0195411 0.989045 -0.119492
-0.621344 0.777717 -0.0953309 89.0452 -0.763466 -0.628291 -0.149566 -27.8887 -0.176216 -0.0201503 0.984145 -0.121573
-0.51753 0.848652 -0.109328 88.5012 -0.836896 -0.528644 -0.141919 -28.8112 -0.178235 0.0180486 0.983822 -0.174448
-0.550624 0.830231 -0.0867739 87.9909 -0.824923 -0.557098 -0.0956264 -29.7627 -0.127734 0.0189275 0.991628 -0.181273
-0.572793 0.807138 -0.142956 87.5169 -0.786975 -0.590284 -0.179543 -30.6633 -0.2293 0.00966176 0.973308 -0.210803
-0.546878 0.831796 -0.0950813 86.9622 -0.813907 -0.554824 -0.17241 -31.6017 -0.196163 -0.0168997 0.980426 -0.249331
-0.554893 0.819154 -0.14519 86.3883 -0.806414 -0.57251 -0.148082 -32.4453 -0.204425 0.0349132 0.97826 -0.246752
-0.612308 0.788316 -0.0603024 85.8219 -0.784693 -0.615269 -0.0755026 -33.4045 -0.0966222 0.00108802 0.995321 -0.287359
-0.677702 0.731527 -0.0747579 85.3687 -0.721322 -0.681095 -0.125711 -34.2931 -0.142878 -0.0312701 0.989246 -0.298005
-0.658777 0.748281 -0.078025 84.7997 -0.737242 -0.662748 -0.131298 -35.2427 -0.149959 -0.0289727 0.988268 -0.364358
-0.642568 0.758707 -0.107098 84.2162 -0.74589 -0.651362 -0.139196 -36.099 -0.175369 -0.00955911 0.984456 -0.410421
-0.37465 0.926144 -0.0435314 83.7784 -0.927019 -0.37334 0.0353887 -36.9575 0.016523 0.0536128 0.998425 -0.380625
-0.140943 0.866401 -0.479044 83.785 -0.976011 -0.0404947 0.213921 -37.0799 0.165942 0.497703 0.851325 -0.378683
-0.264149 0.480192 -0.836445 83.7134 -0.920656 0.132917 0.367049 -37.0661 0.287432 0.867034 0.406982 -0.417248
-0.639296 0.579957 -0.504925 83.4917 -0.731938 -0.257656 0.630777 -36.985 0.235727 0.772828 0.589212 -0.418856
-0.839289 0.540837 -0.0555809 83.3634 -0.402359 -0.549115 0.732517 -37.1734 0.365652 0.637157 0.678476 -0.351724
-0.867716 0.311031 0.387722 83.2408 -0.00641509 -0.786973 0.616954 -37.4892 0.497019 0.532854 0.684864 -0.353093
-0.72173 -0.155181 0.674555 83.3422 0.446727 -0.848834 0.282695 -37.632 0.528716 0.505371 0.681952 -0.359991
-0.44606 -0.532901 0.719059 83.5241 0.714248 -0.696095 -0.0728062 -37.8508 0.539332 0.481111 0.691124 -0.37996
0.0558135 -0.772856 0.632122 83.6597 0.842156 -0.303649 -0.445612 -38.2667 0.536337 0.557217 0.633918 -0.399497
0.421904 -0.836019 0.350812 83.5613 0.7097 0.0637431 -0.701614 -38.5375 0.564201 0.544986 0.620216 -0.375632
0.718427 -0.694562 -0.0380418 83.3753 0.413586 0.470489 -0.779479 -38.893 0.559295 0.544265 0.625272 -0.375145
0.86796 -0.302061 -0.394215 83.0395 -0.0709084 0.710266 -0.700353 -39.1921 0.491547 0.635831 0.595064 -0.446349
0.682469 0.151079 -0.71513 82.8268 -0.555255 0.743426 -0.372839 -39.2758 0.475319 0.651531 0.591253 -0.455955
0.362425 0.52573 -0.769581 82.5976 -0.821364 0.570397 0.00284785 -39.3347 0.440464 0.631074 0.638542 -0.460223
0.000661216 0.858764 -0.512371 82.3424 -0.964326 0.13618 0.227001 -39.486 0.264715 0.493943 0.828218 -0.463487
-0.386115 0.920917 -0.0531642 82.1685 -0.861535 -0.339421 0.377559 -39.5855 0.329656 0.191584 0.924458 -0.440939
-0.630261 0.769334 0.104384 81.9853 -0.512914 -0.513529 0.687901 -39.7102 0.58283 0.380017 0.71826 -0.387357
-0.632088 0.747324 0.20487 81.6382 -0.109807 -0.348099 0.931005 -39.8207 0.767077 0.565981 0.30209 -0.412763
-0.685022 0.713525 0.147059 81.3771 0.237674 0.0280674 0.970939 -40.1423 0.688662 0.700067 -0.188813 -0.516371
-0.852282 0.474413 -0.220336 81.0763 0.134716 0.606092 0.783903 -40.4219 0.505438 0.638424 -0.580472 -0.61045
-0.888655 -0.0305107 -0.457561 80.9133 -0.27251 0.837633 0.473403 -40.7633 0.368824 0.545381 -0.752681 -0.677111
-0.728825 -0.537119 -0.424637 80.833 -0.648346 0.740773 0.17579 -41.2057 0.22014 0.403432 -0.888133 -0.747419
-0.300897 -0.840604 -0.450385 80.8711 -0.920273 0.379806 -0.0940496 -41.5194 0.250117 0.386178 -0.887867 -0.797851
0.18794 -0.925258 -0.329509 80.997 -0.939151 -0.0710787 -0.336069 -41.7266 0.28753 0.37262 -0.882316 -0.80747
0.651109 -0.750959 -0.110083 81.2299 -0.691111 -0.526661 -0.494968 -41.7382 0.313724 0.398357 -0.86191 -0.810411
0.936197 -0.298867 0.18497 81.4822 -0.17569 -0.853727 -0.490186 -41.514 0.304415 0.426413 -0.851765 -0.805189
0.866821 0.157288 0.473162 81.6149 0.337308 -0.883832 -0.324138 -41.1923 0.367213 0.44057 -0.819178 -0.803259
0.574385 0.61079 0.544993 81.6139 0.745285 -0.665572 -0.0395527 -40.8791 0.338574 0.428894 -0.837507 -0.811397
0.121508 0.852528 0.508361 81.5608 0.927882 -0.279452 0.246865 -40.6478 0.352522 0.441703 -0.825001 -0.783387
-0.422445 0.859943 0.286423 81.4335 0.832294 0.242897 0.498285 -40.5117 0.358925 0.448887 -0.818336 -0.791914
-0.788243 0.614717 -0.0281963 81.1891 0.409143 0.557762 0.722152 -40.5968 0.459646 0.557695 -0.691159 -0.756956
-0.855673 0.42728 -0.291986 80.9628 -0.0731041 0.458752 0.885552 -40.8277 0.512328 0.779088 -0.361306 -0.693471
-0.842503 0.368495 -0.392939 80.8233 -0.382291 0.104919 0.918066 -40.9853 0.37953 0.92369 0.0524778 -0.650577
-0.648891 0.49167 -0.58069 80.6367 -0.731121 -0.191546 0.654807 -41.0549 0.21072 0.849453 0.483763 -0.60372
-0.451243 0.82257 -0.346061 80.6517 -0.877855 -0.339422 0.33788 -41.1166 0.160469 0.456258 0.875259 -0.567859
-0.0715348 0.991888 -0.105077 80.8618 -0.990106 -0.0578635 0.127839 -41.2362 0.120722 0.113182 0.986213 -0.539097
0.286301 0.90905 0.302753 81.3027 -0.957914 0.278429 0.0698458 -41.3942 -0.0208019 -0.310009 0.950506 -0.495898
0.368587 0.490041 0.789939 81.6442 -0.928464 0.235936 0.28686 -41.4873 -0.0458018 -0.839163 0.541948 -0.580633
0.325905 0.0106886 0.945342 81.8751 -0.940849 -0.0943581 0.325422 -41.772 0.092679 -0.995481 -0.0206954 -0.716979
-0.0571839 -0.419006 0.906181 81.863 -0.987619 -0.109068 -0.112754 -42.0051 0.14608 -0.901409 -0.407581 -0.790637
-0.514442 -0.509888 0.689466 81.8164 -0.848413 0.18574 -0.495678 -42.1797 0.124679 -0.839949 -0.528148 -0.791053
-0.876432 -0.386607 0.287058 81.6634 -0.443192 0.41456 -0.794809 -42.3678 0.188276 -0.823818 -0.534674 -0.838634
-0.973597 -0.168953 -0.153504 81.6278 0.0205403 0.60489 -0.796044 -42.3677 0.227347 -0.778179 -0.585449 -0.804413
-0.835027 0.201929 -0.511816 81.7483 0.516754 0.607247 -0.603504 -42.3268 0.188933 -0.768424 -0.611415 -0.799014
-0.467383 0.438373 -0.767712 82.0586 0.860521 0.424627 -0.281417 -42.2313 0.202626 -0.792162 -0.575693 -0.774136
0.0295307 0.606397 -0.794613 82.513 0.959416 0.205842 0.192741 -42.1589 0.280443 -0.768057 -0.575709 -0.764608
0.592793 0.559482 -0.579289 82.9371 0.763129 -0.160372 0.626031 -42.1878 0.257351 -0.813179 -0.522025 -0.782694
0.882064 0.449189 -0.142101 83.2906 0.337627 -0.392312 0.855628 -42.2891 0.328591 -0.802695 -0.497703 -0.740267
0.933277 0.197737 0.299823 83.6069 -0.162228 -0.512695 0.843105 -42.4474 0.320431 -0.83549 -0.446408 -0.748258
0.708958 0.0142646 0.705106 83.8517 -0.633282 -0.427124 0.645383 -42.7228 0.310374 -0.904081 -0.29378 -0.752665
0.18727 -0.220317 0.957283 83.9781 -0.939518 -0.324668 0.109073 -42.9839 0.286769 -0.91981 -0.267792 -0.779582
-0.423347 0.017743 0.905794 83.9766 -0.882995 -0.231802 -0.408151 -43.2005 0.202723 -0.972601 0.1138 -0.726286
-0.587202 0.461813 0.664773 83.9727 -0.809155 -0.356731 -0.466917 -43.3383 0.0215165 -0.812078 0.583152 -0.698309
-0.46316 0.840274 0.281821 84.0998 -0.884277 -0.416788 -0.210576 -43.5036 -0.0594822 -0.346738 0.936074 -0.676514
-0.0551675 0.996539 0.0621791 84.4902 -0.998024 -0.0531603 -0.0334865 -43.7611 -0.0300652 -0.0639036 0.997503 -0.636968
0.487056 0.871975 -0.0493558 85.1244 -0.870942 0.480714 -0.101853 -44.1481 -0.0650874 0.0925943 0.993574 -0.709141
0.741385 0.669148 0.0508868 86.0229 -0.656488 0.738904 -0.151804 -44.6329 -0.13918 0.0791386 0.9871 -0.696408
0.790335 0.612598 -0.00971988 86.8985 -0.609866 0.785095 -0.108122 -45.2196 -0.0586041 0.0913803 0.99409 -0.738261
0.859963 0.457486 0.226207 87.7699 -0.396664 0.878039 -0.26778 -45.75 -0.321124 0.140552 0.936549 -0.740635
0.948569 0.282571 0.142727 88.7516 -0.256875 0.950531 -0.17466 -46.0922 -0.185021 0.129014 0.974229 -0.694898
0.854164 0.447035 0.265638 89.7591 -0.385666 0.887262 -0.253036 -46.477 -0.348807 0.113687 0.930274 -0.697664
0.814598 0.491449 0.308071 90.8029 -0.460883 0.870901 -0.17064 -46.8374 -0.352161 -0.00298156 0.935935 -0.794051
0.860616 0.437085 0.261338 91.7583 -0.391912 0.896141 -0.208174 -47.1851 -0.325186 0.076736 0.942532 -0.808106
0.778504 0.601924 0.177819 92.7473 -0.548278 0.790097 -0.274111 -47.6986 -0.305488 0.115903 0.945116 -0.925902
0.669563 0.706854 0.228131 93.7501 -0.633811 0.703874 -0.320693 -48.141 -0.387259 0.0701323 0.9193 -0.948823
0.780345 0.602315 0.168163 94.7398 -0.550613 0.789258 -0.271839 -48.4553 -0.296456 0.119536 0.947536 -1.01056
0.760201 0.621429 0.189525 95.7274 -0.55803 0.773943 -0.299356 -48.7652 -0.33271 0.12181 0.935129 -0.990404
0.726638 0.659442 0.192701 96.8022 -0.588382 0.742138 -0.320996 -49.0988 -0.354689 0.119867 0.927269 -1.04186
0.6942 0.667024 0.270491 97.7898 -0.620424 0.745033 -0.244949 -49.3564 -0.364912 0.00222456 0.931039 -1.00242
0.766919 0.609753 0.200092 98.8017 -0.599377 0.791991 -0.116176 -49.5884 -0.22931 -0.0308327 0.972865 -1.00381
0.748349 0.636001 0.188353 99.8496 -0.591 0.76825 -0.24599 -49.7977 -0.301151 0.0727696 0.950796 -1.0392
0.610197 0.791393 -0.0368408 100.73 -0.730888 0.544382 -0.411644 -50.3105 -0.305717 0.27811 0.9106 -1.06158
0.241172 0.965384 -0.0993444 101.24 -0.885602 0.177055 -0.429373 -51.2642 -0.396921 0.191532 0.897647 -1.04994
0.120265 0.961463 -0.247235 101.6 -0.989038 0.0945487 -0.113421 -52.1989 -0.085674 0.258166 0.962294 -1.04806
0.133308 0.908117 -0.396928 101.852 -0.989359 0.0983844 -0.107186 -53.2378 -0.0582861 0.406993 0.91157 -0.933535
0.102015 0.955542 -0.276644 102.067 -0.957843 0.019273 -0.286644 -54.2163 -0.268569 0.294223 0.917226 -0.90119
0.25202 0.956576 -0.146452 102.358 -0.902294 0.177573 -0.392854 -55.2382 -0.349788 0.23115 0.907864 -0.880084
0.58523 0.810647 0.0189087 102.8 -0.741281 0.544313 -0.392717 -56.1977 -0.328647 0.215813 0.919465 -0.862462
0.280223 0.925975 -0.253071 102.939 -0.902388 0.164196 -0.398416 -56.9144 -0.32737 0.340014 0.881601 -0.538389
0.00992788 0.99864 -0.0511751 102.979 -0.931485 -0.0093754 -0.363659 -57.6571 -0.363645 0.0512792 0.930125 -0.154767
0.264699 0.924821 0.273205 103.28 -0.922884 0.325109 -0.20637 -58.4266 -0.279677 -0.19751 0.939559 0.187316
0.712374 0.606721 0.352722 103.819 -0.664892 0.744316 0.0625402 -58.8076 -0.224592 -0.279074 0.933636 0.179335
0.963692 0.143512 0.225172 104.404 -0.209886 0.928428 0.306545 -58.7527 -0.165063 -0.342676 0.924839 0.164086
0.866958 -0.493013 0.0729505 104.9 0.459464 0.847356 0.266236 -58.4747 -0.193073 -0.197297 0.961143 0.102264
0.511137 -0.847492 -0.143167 105.096 0.838638 0.455287 0.298997 -58.0154 -0.188215 -0.272894 0.943453 0.157987
-0.0304966 -0.964672 -0.261684 104.982 0.988566 -0.067789 0.13469 -57.6729 -0.147671 -0.254584 0.955709 0.188295
-0.643844 -0.726998 -0.238618 104.643 0.742919 -0.668594 0.0324482 -57.5594 -0.183128 -0.156382 0.970571 0.212297
-0.844608 -0.528757 -0.083982 103.873 0.507672 -0.840788 0.188002 -57.5958 -0.170018 0.116152 0.978572 0.162305
-0.417793 -0.90843 -0.0143034 103.536 0.874141 -0.406215 0.26621 -57.2732 -0.247643 0.0987175 0.963809 0.119736
-0.349041 -0.93526 0.0588213 103.15 0.915373 -0.326833 0.2351 -56.6287 -0.200655 0.135903 0.97019 -0.281154
-0.312307 -0.945787 0.0891692 102.845 0.907518 -0.26928 0.322335 -55.95 -0.280849 0.18159 0.942416 -0.66936
-0.174695 -0.973694 0.146291 102.767 0.916652 -0.106585 0.385213 -54.9368 -0.359487 0.201393 0.911159 -0.977825
-0.191502 -0.980124 0.0518004 102.624 0.954852 -0.173832 0.240916 -53.9411 -0.227123 0.0955976 0.969163 -0.917271
-0.319162 -0.944721 -0.0750814 102.226 0.883596 -0.32528 0.336824 -52.975 -0.342628 0.0411598 0.938569 -0.886154
-0.604369 -0.785479 -0.133271 101.592 0.736474 -0.614611 0.282595 -52.1428 -0.303882 0.0726416 0.949936 -1.04981
-0.808299 -0.548461 -0.214111 100.794 0.503107 -0.832304 0.232709 -51.4984 -0.305837 0.0803782 0.948685 -1.04728
-0.811654 -0.559104 -0.169176 99.94 0.513389 -0.820934 0.25 -50.9226 -0.278658 0.116061 0.953352 -1.05808
-0.790189 -0.570192 -0.224682 98.9894 0.530904 -0.820007 0.213845 -50.3549 -0.306174 0.0496935 0.950678 -1.05466
-0.938679 -0.180064 -0.294038 97.945 0.166663 -0.983509 0.0702352 -50.0834 -0.301836 0.0169231 0.95321 -1.068
-0.878423 0.285887 -0.382939 96.8536 -0.316539 -0.948408 0.0180645 -50.2351 -0.358018 0.137083 0.923597 -1.05408
-0.849961 0.422314 -0.314989 95.9273 -0.465445 -0.882029 0.0733885 -50.7405 -0.246836 0.208987 0.946254 -1.09204
-0.879104 0.307351 -0.364296 95.0777 -0.369352 -0.922381 0.113106 -51.2617 -0.301257 0.233986 0.924389 -1.03886
-0.951133 0.0516255 -0.304437 94.0908 -0.109282 -0.978394 0.175509 -51.6127 -0.288798 0.200202 0.936224 -1.09272
-0.956582 0.0160303 -0.291022 93.114 -0.0673362 -0.983629 0.167152 -51.8029 -0.283578 0.179491 0.942001 -1.06743
-0.972836 0.0325162 -0.229201 92.1407 -0.0785336 -0.977729 0.194625 -52.0109 -0.217768 0.207338 0.953723 -1.09935
-0.955019 0.0621368 -0.289962 91.0997 -0.129585 -0.966948 0.21959 -52.2492 -0.266733 0.247287 0.931505 -1.08221
-0.956297 0.148836 -0.251681 90.1074 -0.22681 -0.920818 0.317256 -52.4597 -0.184533 0.360475 0.914333 -1.11369
-0.983662 -0.0115296 -0.179656 89.0051 -0.0669704 -0.90289 0.424623 -52.5727 -0.167106 0.429717 0.887366 -1.10745
-0.957087 -0.282021 0.0667029 88.0193 0.276044 -0.817095 0.506118 -52.4353 -0.0882334 0.502812 0.859881 -1.1224
-0.698723 -0.666816 0.25912 87.1818 0.699215 -0.559958 0.444461 -51.9295 -0.151277 0.491735 0.857503 -1.07753
-0.622673 -0.717305 0.312652 86.4209 0.777813 -0.523819 0.347304 -51.1312 -0.0853497 0.459442 0.884098 -1.05076
-0.453066 -0.787068 0.418634 85.8806 0.884132 -0.336554 0.324101 -50.2855 -0.114197 0.516968 0.848353 -0.999812
-0.0888525 -0.901663 0.423213 85.5859 0.993947 -0.0526989 0.0964006 -49.3453 -0.0646179 0.429217 0.900887 -0.936213
-0.0855592 -0.867693 0.489682 85.4398 0.996168 -0.0655516 0.0579002 -48.3326 -0.0181401 0.49276 0.869976 -0.836014
-0.234959 -0.840134 0.488845 85.2811 0.968552 -0.160008 0.190536 -47.3289 -0.0818567 0.51824 0.851309 -0.798526
-0.118113 -0.840502 0.528778 85.1916 0.987904 -0.0455802 0.148217 -46.3252 -0.100475 0.539888 0.835719 -0.805154
-0.221153 -0.878548 0.423373 85.0108 0.955476 -0.108234 0.274503 -45.2516 -0.195341 0.46523 0.863367 -0.752173
-0.436897 -0.849016 0.297141 84.7411 0.881044 -0.337311 0.331636 -44.1824 -0.181335 0.406685 0.895391 -0.767168
-0.733068 -0.661881 0.156604 84.2669 0.665687 -0.650962 0.364841 -43.2075 -0.139538 0.371703 0.917805 -0.714716
-0.753328 -0.640014 0.151257 83.5982 0.623569 -0.622071 0.473486 -42.4074 -0.208945 0.45101 0.867717 -0.694012
-0.609941 -0.752654 0.24796 82.851 0.783269 -0.525119 0.332775 -41.6199 -0.120256 0.397192 0.909823 -0.63232
-0.124463 -0.944513 0.30398 82.5152 0.984223 -0.0786961 0.158465 -40.8734 -0.12575 0.318907 0.939407 -0.622395
0.42242 -0.859065 0.289083 82.5886 0.893733 0.447899 0.0250566 -40.1368 -0.151005 0.247779 0.956976 -0.61158
0.739944 -0.608803 0.28608 83.0665 0.638629 0.769379 -0.0145019 -39.1736 -0.211275 0.19343 0.958096 -0.522643
0.815119 -0.558171 0.155001 83.6713 0.566039 0.824338 -0.0081799 -38.2866 -0.123207 0.0944041 0.98788 -0.456167
0.79965 -0.578648 0.160395 84.2866 0.584027 0.811573 0.0161963 -37.3873 -0.139544 0.0807236 0.98692 -0.423801
0.805192 -0.580132 0.122934 84.9182 0.580588 0.81341 0.0357928 -36.5078 -0.120761 0.0425543 0.991769 -0.405027
0.789119 -0.605799 0.101478 85.4876 0.588603 0.793024 0.157031 -35.5773 -0.175604 -0.0641863 0.982366 -0.346489
0.709092 -0.704391 0.0319738 86.0317 0.693278 0.704745 0.150668 -34.6064 -0.128662 -0.0846705 0.988067 -0.344219
0.60481 -0.79321 -0.070872 86.557 0.777828 0.569292 0.266252 -33.6873 -0.170846 -0.216158 0.961295 -0.263893
0.693086 -0.704065 -0.154678 87.0964 0.720122 0.685932 0.104509 -32.7869 0.0325175 -0.18382 0.982422 -0.195275
0.753162 -0.653057 -0.0791424 87.6419 0.65527 0.75539 0.00266608 -31.9208 0.0580423 -0.0538676 0.99686 -0.12132
0.622691 -0.777261 0.0901142 88.1888 0.781182 0.624131 -0.0146698 -30.9893 -0.0448408 0.0795303 0.995823 -0.150554
0.579344 -0.811306 0.0783855 88.6879 0.812782 0.582252 0.019194 -30.0564 -0.0612123 0.0525903 0.996738 -0.14283
0.650601 -0.75914 -0.0206229 89.1963 0.755744 0.644545 0.115814 -29.1456 -0.0746266 -0.0909342 0.993057 -0.0888123
0.591363 -0.802559 -0.0786706 89.6548 0.805796 0.584306 0.0963317 -28.2022 -0.0313441 -0.120359 0.992235 -0.0719049
0.563427 -0.825758 0.0259467 90.2072 0.820669 0.563019 0.0975337 -27.2828 -0.0951478 -0.0336595 0.994894 -0.0628557
0.579822 -0.814029 0.0340964 90.7534 0.809265 0.570575 -0.139764 -26.3917 0.0943177 0.108631 0.989598 -0.028538
0.470807 -0.868198 0.156757 91.2387 0.851792 0.401053 -0.337057 -25.5127 0.229764 0.292214 0.928342 0.0786035
0.448355 -0.804307 0.38996 91.7798 0.858574 0.266152 -0.438195 -24.6589 0.248654 0.531276 0.809887 0.0728866
0.431594 -0.708828 0.557934 92.3388 0.885611 0.215345 -0.411486 -23.7855 0.171524 0.671707 0.720687 0.0763133
0.420215 -0.722382 0.549166 92.7325 0.906328 0.304372 -0.293135 -22.8573 0.0446045 0.620904 0.782616 0.0419541
0.302353 -0.841339 0.448031 92.8693 0.951404 0.29518 -0.0877466 -21.8677 -0.0584254 0.452789 0.889701 0.103236
0.228829 -0.95029 0.211154 92.9841 0.964966 0.250034 0.0795254 -20.7709 -0.128368 0.185559 0.974212 0.186413
0.24556 -0.96837 0.0442705 92.9145 0.969231 0.24607 0.0063584 -19.7017 -0.0170509 0.041347 0.998999 0.202748
0.252866 -0.96687 0.0349575 92.8367 0.96185 0.255124 0.09877 -18.6873 -0.104416 0.00864837 0.994496 0.222006
0.233914 -0.970833 -0.0526038 92.7573 0.972114 0.232608 0.029793 -17.602 -0.016688 -0.0581059 0.998171 0.137784
0.152882 -0.984638 -0.0843467 92.6533 0.988244 0.152322 0.0130821 -16.5834 -3.32632e-05 -0.0853552 0.996351 0.164669
0.151329 -0.97268 0.17605 92.5959 0.988151 0.144241 -0.052459 -15.572 0.0256322 0.181902 0.982982 0.236374
0.273255 -0.924077 0.267232 92.6471 0.960935 0.249522 -0.119757 -14.5496 0.0439845 0.289517 0.956162 0.256561
0.341268 -0.87884 0.333432 92.829 0.939403 0.331156 -0.0886401 -13.5137 -0.0325176 0.343478 0.938598 0.27659
0.480374 -0.84668 0.228852 93.0601 0.876442 0.45358 -0.161603 -12.5172 0.0330231 0.278205 0.959954 0.312474
0.468754 -0.861505 0.195139 93.2572 0.882996 0.463062 -0.0767561 -11.5107 -0.0242358 0.208287 0.977767 0.385824
0.21943 -0.943895 0.246806 93.2746 0.974976 0.202904 -0.0908376 -10.5116 0.0356631 0.260563 0.964798 0.390313
0.129077 -0.915993 0.379863 93.1583 0.987882 0.0854846 -0.129547 -9.42713 0.0861913 0.391981 0.915927 0.409986
0.175346 -0.884813 0.431694 92.9343 0.982279 0.127755 -0.137134 -8.33854 0.0661868 0.44809 0.891535 0.45223
0.20024 -0.892502 0.404158 92.726 0.979413 0.193112 -0.0588027 -7.31863 -0.0255661 0.407613 0.912797 0.480947
0.0732037 -0.850854 0.520278 92.5695 0.995873 0.0904266 0.00776171 -6.27297 -0.0536511 0.517563 0.853962 0.476973
0.330842 -0.775662 0.537486 92.458 0.94351 0.282897 -0.172508 -5.27564 -0.0182449 0.564196 0.825439 0.511412
0.44813 -0.811138 0.375811 92.3055 0.893477 0.420316 -0.158219 -4.17668 -0.0296223 0.406681 0.91309 0.600775
0.332519 -0.91533 0.227162 92.1427 0.939303 0.343013 0.00719432 -3.11519 -0.0845047 0.210982 0.97383 0.653869
0.175324 -0.969431 0.171654 91.9959 0.981582 0.185563 0.0454149 -2.03314 -0.0758792 0.16053 0.98411 0.701202
0.196868 -0.973503 0.116341 91.8074 0.980426 0.195807 -0.0205944 -1.02767 -0.00273164 0.118118 0.992996 0.774876
0.307979 -0.948551 0.0734877 91.6516 0.949815 0.310997 0.0336585 -0.017236 -0.0547812 0.0594336 0.996728 0.858598
0.19345 -0.972844 0.127089 91.4571 0.975117 0.204945 0.0845279 1.0558 -0.108279 0.107575 0.988283 0.880692
0.193388 -0.959229 0.20611 91.4028 0.972935 0.214578 0.0857591 2.04526 -0.126489 0.183947 0.974764 0.96943
0.381182 -0.903562 0.195645 91.4663 0.92349 0.382032 -0.0349009 3.1448 -0.0432076 0.19398 0.980054 1.04541
0.406677 -0.895353 0.181542 91.5411 0.909376 0.41576 0.0133827 4.2148 -0.0874602 0.159648 0.983292 1.13078
0.401487 -0.890364 0.214615 91.6956 0.912861 0.40799 -0.015108 5.27163 -0.0741093 0.201979 0.976582 1.15997
0.42958 -0.83515 0.343491 91.9595 0.899946 0.427335 -0.0864937 6.2637 -0.0745507 0.346279 0.935165 1.23489
0.564827 -0.734242 0.376643 92.2626 0.824844 0.515932 -0.231187 7.21355 -0.0245755 0.441252 0.897047 1.24333
0.586372 -0.715514 0.379748 92.6182 0.804285 0.570056 -0.167815 8.18276 -0.096404 0.403828 0.909742 1.32535
0.720678 -0.617672 0.314808 93.1804 0.689499 0.685898 -0.232672 9.00802 -0.0722108 0.384741 0.920196 1.34335
0.746547 -0.606759 0.272967 93.8456 0.660981 0.723218 -0.20015 9.84873 -0.0759716 0.329847 0.940972 1.49905
0.80846 -0.555424 0.194669 94.3879 0.583322 0.80017 -0.139514 10.7429 -0.0782786 0.226346 0.970896 1.69101
0.897568 -0.416169 0.145517 95.0832 0.435481 0.888376 -0.145412 11.5099 -0.0687576 0.193887 0.978611 1.75149
0.97279 -0.221208 0.068898 95.9454 0.230207 0.956426 -0.179596 12.0407 -0.0261679 0.19057 0.981325 1.74497
0.998392 -0.0207691 0.0527454 96.8979 0.0312712 0.977868 -0.206871 12.3938 -0.0472815 0.208187 0.976946 1.78751
0.995968 0.0891088 0.0103406 97.9154 -0.0843613 0.969573 -0.229808 12.6706 -0.0305039 0.228009 0.973181 1.76885
0.979761 0.194002 0.0493022 98.953 -0.178743 0.958805 -0.22078 12.8836 -0.090103 0.207499 0.974077 1.80087
0.985304 0.147887 0.0854771 99.9637 -0.135829 0.981778 -0.132901 13.0035 -0.103574 0.119337 0.987437 1.79878
0.994229 0.0594363 0.0893119 101.038 -0.0461577 0.9885 -0.144006 13.0446 -0.096844 0.139053 0.985538 1.79876
0.996887 0.0656809 0.0436198 102.065 -0.0554217 0.977222 -0.204853 13.0971 -0.0560812 0.201798 0.97782 1.78324
0.994394 0.105737 0.000930338 103.082 -0.103011 0.970667 -0.217242 13.2312 -0.0238736 0.215928 0.976117 1.81453
0.998696 0.0400302 0.0316856 104.126 -0.0310023 0.968631 -0.246564 13.392 -0.0405616 0.24526 0.968608 1.83081
0.980409 -0.193378 0.0374686 105.119 0.195954 0.938178 -0.285351 13.581 0.0200284 0.287102 0.957691 1.85729
0.998487 0.0249817 0.0489794 106.121 0.00039987 0.887496 -0.460815 13.6591 -0.054981 0.460137 0.886144 1.85459
0.977375 -0.0913757 -0.190757 107.134 -0.0170319 0.864941 -0.501585 13.8088 0.210826 0.493486 0.843815 1.90147
0.98507 -0.0512629 -0.164348 108.091 -0.0475675 0.836429 -0.546008 14.0485 0.165455 0.545673 0.821502 1.95159
0.985063 -0.113075 0.129866 109.174 0.154602 0.912864 -0.377858 14.0691 -0.0758234 0.392292 0.91671 1.95021
0.873004 -0.446406 0.19643 110.235 0.476962 0.865551 -0.152738 14.2306 -0.101838 0.22703 0.968549 1.96615
0.926634 -0.297996 0.229234 111.302 0.354409 0.895843 -0.268066 14.3879 -0.125475 0.329642 0.935731 1.92416
0.945911 -0.274596 0.172771 112.339 0.310438 0.920791 -0.236159 14.526 -0.0942372 0.27702 0.956232 1.95482
0.970751 -0.197139 0.137035 113.341 0.219856 0.959256 -0.177459 14.6994 -0.0964675 0.202397 0.974541 1.94138
0.964152 -0.205922 0.16735 114.374 0.221963 0.971482 -0.0833977 14.9759 -0.145404 0.117554 0.982364 1.9793
0.813792 -0.578486 0.0556493 115.26 0.57916 0.8152 0.0047895 15.5579 -0.048136 0.0283322 0.998439 2.00317
0.611374 -0.783331 0.112315 115.929 0.791201 0.607759 -0.0680446 16.3158 -0.0149591 0.130464 0.99134 2.03071
0.220579 -0.973802 0.0552621 116.434 0.963885 0.2263 0.140407 17.2327 -0.149234 0.0222956 0.98855 2.02976
-0.306872 -0.950537 -0.0480434 116.448 0.941379 -0.310573 0.131722 17.881 -0.140128 -0.00480516 0.990122 2.07705
-0.353614 -0.849776 0.390945 116.464 0.914442 -0.402013 -0.046709 18.0746 0.196857 0.34098 0.919228 2.14459
0.0397263 -0.783733 0.619827 116.507 0.979595 -0.0917614 -0.178811 18.0798 0.197017 0.614282 0.764095 2.11363
0.351044 -0.857876 0.375257 116.631 0.936171 0.313534 -0.158996 18.0328 0.0187427 0.407119 0.913183 2.12527
0.461472 -0.879456 -0.116622 116.702 0.858798 0.475815 -0.189911 17.9897 0.222509 -0.0125158 0.97485 2.16669
0.133898 -0.987761 0.0800021 116.641 0.872609 0.0792542 -0.481947 17.9843 0.469707 0.134342 0.872541 2.1941
-0.0699836 -0.898903 0.432523 116.596 0.941337 -0.203002 -0.269582 18.0211 0.330131 0.388283 0.860378 2.19699
-0.023887 -0.981585 0.189529 116.6 0.996577 -0.0083706 0.0822502 17.9683 -0.079149 0.190845 0.978424 2.19108
0.488146 -0.856946 0.165401 116.916 0.8485 0.51035 0.139964 17.7691 -0.204354 0.0720198 0.976244 2.1077
0.89003 -0.355444 0.285493 117.204 0.366584 0.930258 0.0153555 17.5473 -0.27104 0.0909902 0.958258 2.05065
0.955972 0.204748 0.210227 117.433 -0.181373 0.975409 -0.125225 17.4138 -0.230697 0.0815825 0.969599 2.0467
0.83337 0.547321 -0.0770357 117.878 -0.538121 0.771626 -0.339144 17.2113 -0.126178 0.324087 0.937575 2.0664
0.508051 0.822267 -0.256439 118.463 -0.849479 0.429127 -0.306977 16.7794 -0.142372 0.3738 0.916517 2.08923
0.411561 0.859082 -0.304296 119.092 -0.908771 0.361576 -0.208322 16 -0.0689398 0.362272 0.929519 2.05444
0.385074 0.895922 -0.221453 119.707 -0.918742 0.349431 -0.183878 15.1123 -0.0873578 0.274264 0.957678 2.04456
0.374893 0.904171 -0.20477 120.334 -0.924439 0.347974 -0.155969 14.1704 -0.0697676 0.247769 0.966304 1.98046
0.306095 0.943072 -0.130083 120.917 -0.943534 0.282343 -0.173283 13.3113 -0.12669 0.175778 0.976244 1.99634
0.401724 0.912018 -0.0827067 121.517 -0.908137 0.385123 -0.164216 12.4434 -0.117916 0.141079 0.982951 1.93106
0.391481 0.914692 -0.100402 122.068 -0.904182 0.362114 -0.226559 11.5293 -0.170874 0.179475 0.968809 1.91963
0.279014 0.950446 -0.137129 122.651 -0.94522 0.246625 -0.21386 10.6306 -0.169443 0.189287 0.967192 1.85717
0.293662 0.947378 -0.12743 123.245 -0.938146 0.260052 -0.228593 9.66774 -0.183426 0.186677 0.965146 1.8853
0.298733 0.945177 -0.131901 123.828 -0.944677 0.273257 -0.181426 8.76644 -0.135437 0.178802 0.974519 1.83558
0.121152 0.979175 -0.162904 124.366 -0.976824 0.088432 -0.194923 7.7831 -0.176458 0.182744 0.967195 1.82387
0.126728 0.96863 -0.213767 124.746 -0.985645 0.0987301 -0.136954 6.80485 -0.111553 0.228055 0.967237 1.79568
-0.0414629 0.986757 -0.156815 124.891 -0.988923 -0.0629186 -0.134438 5.77445 -0.142524 0.149504 0.978435 1.81235
-0.0396444 0.985535 -0.164768 124.989 -0.99339 -0.0566518 -0.0998375 4.72899 -0.107728 0.15972 0.981267 1.74095
-0.0265469 0.983412 -0.179432 125.152 -0.98987 -0.0509034 -0.132535 3.6715 -0.13947 0.174096 0.974802 1.70289
-0.108794 0.983412 -0.14514 125.303 -0.983262 -0.127925 -0.129737 2.61337 -0.146152 0.128596 0.980868 1.65886
-0.00066607 0.991167 -0.132618 125.483 -0.992195 -0.0171919 -0.123506 1.62687 -0.124695 0.131501 0.983442 1.63063
0.119851 0.983561 -0.135071 125.731 -0.983422 0.0989682 -0.151945 0.546688 -0.13608 0.151042 0.979116 1.61027
-0.0455543 0.990273 -0.131467 125.928 -0.991066 -0.0613151 -0.118444 -0.470993 -0.125352 0.124897 0.984219 1.57817
-0.0808145 0.989969 -0.115892 126.124 -0.977659 -0.101366 -0.184141 -1.53295 -0.194042 0.0984213 0.976044 1.56992
-0.0175901 0.99453 -0.102956 126.292 -0.994386 -0.0281467 -0.101999 -2.5974 -0.104339 0.100584 0.989442 1.51137
0.08914 0.983685 -0.156261 126.484 -0.978377 0.0570791 -0.1988 -3.63553 -0.186637 0.170603 0.967503 1.49261
0.189512 0.972509 -0.13532 126.919 -0.962207 0.156494 -0.222862 -4.6067 -0.195558 0.172441 0.965412 1.43225
0.550347 0.834728 0.0186187 127.597 -0.821584 0.545384 -0.166003 -5.41295 -0.148722 0.0760627 0.985949 1.44302
0.811131 0.580929 0.0677404 128.452 -0.562595 0.806651 -0.18111 -5.97662 -0.159855 0.108793 0.981127 1.40839
0.926675 0.35953 0.109601 129.5 -0.341694 0.927298 -0.152851 -6.20794 -0.156588 0.104194 0.982153 1.36865
0.990386 0.123754 0.0618137 130.576 -0.115607 0.985844 -0.121433 -6.09501 -0.0759666 0.113119 0.990673 1.41148
0.986989 -0.139867 0.079312 131.619 0.155824 0.953681 -0.257317 -5.81902 -0.039648 0.266328 0.963067 1.38152
0.922108 -0.361887 0.136948 132.627 0.386814 0.870952 -0.303015 -5.49827 -0.00961791 0.332386 0.943095 1.3552
0.916873 -0.320137 0.238447 133.628 0.375948 0.893335 -0.246203 -5.24883 -0.134195 0.315381 0.939429 1.34302
0.989958 -0.108616 0.0904776 134.736 0.134546 0.920312 -0.367319 -5.17496 -0.043371 0.375803 0.925684 1.36527
0.96305 0.263212 -0.0570492 135.797 -0.26253 0.870177 -0.416977 -5.47808 -0.0601107 0.416547 0.907125 1.33026
0.672904 0.690714 -0.264792 136.54 -0.733796 0.578031 -0.356964 -5.97329 -0.0935025 0.434506 0.895802 1.31327
0.117841 0.948636 -0.293603 136.985 -0.981753 0.066858 -0.17802 -6.64879 -0.149247 0.309223 0.939205 1.29937
-0.171295 0.964688 -0.200089 137.347 -0.982168 -0.183178 -0.0423248 -7.69643 -0.0774822 0.189271 0.978863 1.32863
0.00963232 0.990143 -0.139727 137.56 -0.998986 0.00338344 -0.0448907 -8.79018 -0.0439755 0.140018 0.989172 1.2879
-0.0292177 0.991153 -0.129471 137.716 -0.997523 -0.0372026 -0.0596898 -9.89237 -0.0639783 0.127406 0.989785 1.25251
-0.0287585 0.990158 -0.136969 137.888 -0.993784 -0.0430645 -0.102657 -10.9088 -0.107546 0.133165 0.985242 1.20397
0.105919 0.988612 -0.106897 138.094 -0.993678 0.101209 -0.0485804 -11.8928 -0.0372082 0.111367 0.993083 1.18294
0.0851183 0.985186 -0.148876 138.388 -0.995006 0.0762286 -0.0644419 -12.8965 -0.0521386 0.153618 0.986754 1.15838
-0.0411171 0.990855 -0.128515 138.698 -0.999103 -0.0420751 -0.00474722 -13.8869 -0.0101111 0.128205 0.991696 1.10416
-0.100224 0.986411 -0.130185 138.942 -0.992783 -0.107805 -0.0525373 -14.9333 -0.0658581 0.12398 0.990097 1.11715
-0.0822261 0.985905 -0.145706 139.077 -0.996239 -0.085321 -0.0151094 -15.9573 -0.0273283 0.143916 0.989213 1.04991
-0.15644 0.972725 -0.171269 139.17 -0.987006 -0.160405 -0.0094742 -16.945 -0.0366882 0.167562 0.985179 0.984265
-0.137247 0.98212 -0.128853 139.313 -0.987383 -0.14602 -0.0612645 -18.0039 -0.0789842 0.118819 0.989769 1.00815
-0.0410554 0.986176 -0.160534 139.418 -0.99862 -0.045767 -0.0257611 -19.0406 -0.0327521 0.159255 0.986694 0.961136
-0.170841 0.973285 -0.153393 139.481 -0.983674 -0.177417 -0.0301525 -20.031 -0.0565615 0.145737 0.987705 0.889467
-0.111576 0.983277 -0.143934 139.62 -0.988093 -0.125211 -0.0894104 -21.0999 -0.105937 0.132244 0.98554 0.913236
-0.0148 0.983174 -0.182073 139.744 -0.99786 -0.0261225 -0.0599465 -22.1813 -0.063694 0.180796 0.981456 0.858052
-0.108166 0.981638 -0.157119 139.889 -0.994124 -0.107484 0.0128595 -23.3065 -0.00426431 0.157586 0.987496 0.845934
-0.143825 0.98182 -0.123868 140.087 -0.984137 -0.155043 -0.0862297 -24.3141 -0.103867 0.109501 0.988545 0.799484
-0.0240515 0.991872 -0.124945 140.269 -0.997854 -0.0314323 -0.057441 -25.3138 -0.0609014 0.123295 0.9905 0.776203
0.0665853 0.983089 -0.170597 140.473 -0.993389 0.0492924 -0.103673 -26.3972 -0.0935105 0.176372 0.979872 0.742953
-0.0903075 0.991729 -0.0911996 140.694 -0.99423 -0.095099 -0.0496288 -27.3991 -0.0578913 0.0861915 0.994595 0.698114
-0.0228117 0.994789 -0.0993661 140.919 -0.996331 -0.0308223 -0.0798428 -28.3929 -0.0824895 0.0971801 0.991842 0.695814
0.0111551 0.990563 -0.136603 141.114 -0.997747 0.00198848 -0.0670574 -29.4659 -0.0661529 0.137043 0.988354 0.661994
0.00456614 0.990535 -0.137186 141.301 -0.999802 0.00186772 -0.0197921 -30.5139 -0.0193485 0.137249 0.990348 0.615881
-0.0733738 0.988109 -0.13512 141.58 -0.991333 -0.0870659 -0.0983774 -31.5808 -0.108972 0.126731 0.985933 0.592416
-0.0039974 0.996547 -0.0829343 141.891 -0.998734 -0.00813809 -0.0496496 -32.6259 -0.0501531 0.0826308 0.995317 0.556376
-0.0169552 0.993585 -0.111806 142.082 -0.997823 -0.0239423 -0.0614498 -33.6528 -0.0637325 0.11052 0.991828 0.544466
-0.0579727 0.99027 -0.126507 142.252 -0.996756 -0.0645027 -0.0481436 -34.6875 -0.0558352 0.123305 0.990797 0.493893
-0.0864186 0.993589 -0.0728893 142.47 -0.991571 -0.0928708 -0.0903462 -35.7544 -0.0965362 0.0644673 0.99324 0.485208
-0.0765656 0.993833 -0.0802062 142.658 -0.99588 -0.0801463 -0.0424152 -36.8378 -0.0485819 0.0766282 0.995875 0.449341
0.00918088 0.987367 -0.158184 142.86 -0.99145 -0.0116034 -0.12997 -37.8711 -0.130163 0.158025 0.978818 0.423229
-0.10158 0.985975 -0.132418 143.045 -0.990933 -0.112049 -0.074142 -38.893 -0.0879394 0.123686 0.988417 0.369166
-0.126541 0.98701 -0.0989859 143.259 -0.981416 -0.139083 -0.132208 -39.9604 -0.144258 0.0804166 0.986267 0.397502
-0.0106952 0.994194 -0.10707 143.486 -0.997185 -0.0185514 -0.0726501 -41.0665 -0.0742146 0.105991 0.991594 0.352619
0.0354141 0.989663 -0.138974 143.745 -0.995669 0.0229784 -0.0900877 -42.1544 -0.085963 0.141562 0.98619 0.343587
-0.0474213 0.989204 -0.138658 144.085 -0.996902 -0.0555892 -0.0556383 -43.1952 -0.0627455 0.13559 0.988776 0.275244
0.0873566 0.98817 -0.126048 144.538 -0.990276 0.0723884 -0.118803 -44.1332 -0.108274 0.135201 0.984885 0.292215
0.144777 0.979205 -0.142117 145.007 -0.986001 0.130768 -0.103447 -45.1783 -0.0827118 0.155104 0.984429 0.23612
0.0415102 0.990839 -0.128507 145.323 -0.997972 0.0349051 -0.0532317 -46.1767 -0.0482585 0.130457 0.990279 0.214709
0.283758 0.958008 -0.0412507 145.753 -0.953688 0.277479 -0.116123 -47.082 -0.0998006 0.0722911 0.992378 0.214218
0.654348 0.756134 -0.00947413 146.42 -0.750716 0.648052 -0.128273 -47.8763 -0.0908522 0.0910478 0.991694 0.185177
0.778531 0.6272 0.022571 147.273 -0.619552 0.773786 -0.131951 -48.4716 -0.100225 0.0887443 0.990999 0.183053
0.804297 0.593519 0.0290001 148.243 -0.582544 0.797174 -0.15861 -48.8471 -0.117256 0.110675 0.986915 0.225296
0.905863 0.422733 0.0266254 149.214 -0.405506 0.883675 -0.233843 -49.1995 -0.122381 0.201033 0.97191 0.180175
0.909323 0.415977 -0.00975464 150.275 -0.401017 0.869886 -0.287199 -49.5951 -0.110983 0.265069 0.957821 0.203024
0.827214 0.561834 -0.00773877 151.313 -0.542436 0.794908 -0.271818 -49.9752 -0.146565 0.229049 0.962318 0.170422
0.894989 0.445954 -0.0109593 152.303 -0.431177 0.858512 -0.277569 -50.3454 -0.114374 0.253146 0.960643 0.205122
0.85715 0.514622 -0.0214083 153.185 -0.503185 0.827776 -0.248177 -50.8107 -0.109996 0.223498 0.968478 0.238036
0.785909 0.613969 -0.0734196 154.167 -0.609821 0.749949 -0.256312 -51.2533 -0.102307 0.24621 0.963802 0.210079
0.831625 0.554391 -0.0324014 155.155 -0.544754 0.803052 -0.24156 -51.6173 -0.107899 0.218538 0.969845 0.261986
0.88706 0.459986 -0.0392103 156.103 -0.45313 0.85129 -0.264535 -51.9491 -0.0883029 0.252426 0.963579 0.257987
0.876332 0.474849 -0.0809993 157.134 -0.478639 0.839399 -0.257515 -52.3147 -0.0542899 0.264438 0.962873 0.243567
0.844313 0.535837 -0.0038555 158.204 -0.523099 0.822639 -0.222782 -52.6747 -0.116203 0.190115 0.974861 0.279468
0.95391 0.295042 0.0548266 159.331 -0.278861 0.939 -0.201285 -52.8317 -0.11087 0.176719 0.977997 0.291679
0.97285 0.219104 0.0745415 160.34 -0.191402 0.942755 -0.273089 -52.9374 -0.130109 0.251407 0.959096 0.311094
0.952639 0.302661 0.0295721 161.343 -0.287517 0.92809 -0.236609 -52.9793 -0.099058 0.216901 0.971155 0.339461
0.988775 0.145721 0.0329901 162.447 -0.135424 0.967378 -0.214103 -52.9087 -0.0631133 0.207233 0.976254 0.36397
0.982759 0.181894 0.0331698 163.48 -0.168065 0.953596 -0.249816 -52.8949 -0.0770707 0.239934 0.967725 0.399405
0.984029 0.161133 -0.0756456 164.494 -0.175948 0.944889 -0.276094 -52.7891 0.0269887 0.284994 0.958149 0.453333
0.999402 -0.0309418 0.0154603 165.541 0.0339825 0.961687 -0.272036 -52.5817 -0.00645067 0.272399 0.962163 0.472321
0.997776 0.0547119 0.0380703 166.537 -0.0460148 0.978628 -0.200423 -52.4414 -0.0482222 0.198225 0.97897 0.510204
0.995161 0.0359775 0.0914311 167.618 -0.0226065 0.989424 -0.143277 -52.2135 -0.0956189 0.140516 0.98545 0.510871
0.998068 0.0161469 0.0599893 168.614 -0.00532274 0.984307 -0.176382 -52.052 -0.0618959 0.175722 0.982492 0.530506
0.989035 -0.112057 0.0961927 169.699 0.142675 0.893173 -0.426481 -51.9002 -0.0381267 0.435529 0.899367 0.589526
0.975267 -0.151694 0.160759 170.799 0.213956 0.830446 -0.514376 -51.6962 -0.0554736 0.536049 0.842362 0.590778
0.956317 -0.047603 0.288429 171.851 0.127366 0.955931 -0.264526 -51.4905 -0.263126 0.289707 0.920236 0.654239
0.919833 -0.0429874 0.389949 172.925 0.0604469 0.997639 -0.0326073 -51.2831 -0.387626 0.0535645 0.920259 0.644489
0.893047 -0.185968 0.409736 174.004 0.193108 0.980877 0.024302 -51.0724 -0.40642 0.0574203 0.91188 0.641508
0.909858 -0.0788093 0.407366 175.093 0.0643696 0.99672 0.0490555 -50.8913 -0.409896 -0.0184115 0.911947 0.608896
0.921237 -0.0923762 0.377874 176.155 0.0707785 0.994985 0.0706827 -50.6006 -0.382508 -0.0383703 0.923155 0.642242
0.915668 -0.161321 0.36814 177.243 0.207162 0.974312 -0.0883216 -50.3482 -0.344435 0.157138 0.925566 0.613995
0.908637 -0.118915 0.400298 178.29 0.227607 0.944722 -0.236 -50.2034 -0.350106 0.305549 0.885475 0.608187
0.958343 -0.0406746 0.28271 179.362 0.142596 0.925763 -0.350185 -50.1091 -0.247479 0.375911 0.892998 0.567139
0.975878 0.0385137 0.214891 180.41 0.0273647 0.954974 -0.295426 -50.0442 -0.216593 0.29418 0.930884 0.627166
0.967389 -0.0796616 0.240443 181.404 0.159873 0.928315 -0.335665 -49.9455 -0.196468 0.363159 0.910778 0.575867
0.970412 -0.0848999 0.226037 182.488 0.15776 0.931634 -0.327367 -49.7548 -0.18279 0.35334 0.917463 0.585131
0.989905 0.044529 0.134554 183.52 -0.00102452 0.951587 -0.307379 -49.6049 -0.141727 0.304138 0.942026 0.59084
0.988734 0.0843041 0.123687 184.611 -0.0333411 0.929592 -0.367079 -49.5143 -0.145925 0.358819 0.92193 0.621782
0.991806 0.102115 0.0767632 185.67 -0.0599125 0.90251 -0.426481 -49.4751 -0.11283 0.418388 0.901233 0.581892
0.962873 0.269695 -0.0118063 186.745 -0.249268 0.871451 -0.422419 -49.6179 -0.103636 0.409679 0.906324 0.545244
0.820292 0.555654 -0.135536 187.798 -0.552751 0.709307 -0.437435 -49.9964 -0.146926 0.433743 0.888977 0.520107
0.659149 0.703959 -0.264507 188.633 -0.746467 0.569847 -0.343599 -50.6163 -0.0911509 0.423929 0.901097 0.562706
0.582048 0.803042 -0.127847 189.367 -0.797659 0.533309 -0.281641 -51.3885 -0.157987 0.265907 0.950965 0.47443
0.493195 0.859566 -0.133806 190.059 -0.862609 0.463334 -0.203044 -52.2026 -0.112533 0.215562 0.969984 0.481526
0.447832 0.892418 -0.0551122 190.818 -0.881376 0.430241 -0.195112 -53.044 -0.150409 0.135952 0.979231 0.434819
0.4778 0.878274 -0.0184934 191.518 -0.870585 0.470594 -0.143607 -53.7679 -0.117424 0.0847157 0.989462 0.417629
0.460607 0.887244 -0.0252707 192.233 -0.881921 0.454256 -0.125965 -54.6196 -0.100282 0.080307 0.991713 0.415434
0.456019 0.886431 -0.0792902 192.947 -0.889057 0.449705 -0.0856893 -55.4539 -0.0403005 0.109569 0.993162 0.370343
0.434429 0.896539 -0.0865337 193.645 -0.885882 0.407945 -0.220894 -56.2993 -0.162739 0.172622 0.971451 0.380311
0.609653 0.785534 -0.106107 194.356 -0.786823 0.583486 -0.20113 -57.0244 -0.0960826 0.206107 0.973801 0.370359
0.583864 0.784985 -0.207128 195.089 -0.807566 0.535382 -0.247391 -57.8429 -0.0833056 0.311713 0.946517 0.384094
0.490113 0.848038 -0.201545 195.758 -0.864408 0.443104 -0.237607 -58.6448 -0.112195 0.290671 0.950222 0.341773
0.411375 0.887742 -0.206605 196.388 -0.899447 0.358694 -0.249668 -59.5571 -0.147533 0.288537 0.946034 0.37931
0.531066 0.832462 -0.158038 196.914 -0.831852 0.476731 -0.284164 -60.4256 -0.161214 0.282374 0.945661 0.315125
0.460783 0.864518 -0.200718 197.411 -0.877584 0.41009 -0.248339 -61.3835 -0.132381 0.290577 0.94765 0.288497
0.393453 0.914406 -0.0951634 197.953 -0.889955 0.352865 -0.288904 -62.2699 -0.230596 0.198361 0.952617 0.286834
0.480486 0.861203 -0.165718 198.567 -0.856441 0.420091 -0.300053 -63.1558 -0.18879 0.286099 0.939418 0.290339
0.447989 0.853801 -0.265199 199.088 -0.877282 0.362645 -0.314429 -64.1034 -0.172287 0.373515 0.911484 0.273694
0.36061 0.882584 -0.301673 199.544 -0.912726 0.267308 -0.308996 -65.0734 -0.192075 0.386771 0.901951 0.233851
0.220266 0.924804 -0.310193 199.923 -0.941445 0.118332 -0.315719 -66.0359 -0.255273 0.361572 0.896717 0.235622
0.194914 0.967758 -0.15954 200.295 -0.961456 0.156359 -0.226175 -67.0762 -0.193937 0.197476 0.960933 0.188645
0.122239 0.990196 -0.0676049 200.55 -0.992483 0.122365 -0.00228533 -68.1168 0.00600956 0.0673761 0.99771 0.233572
-0.0299618 0.99648 -0.0782954 200.705 -0.999518 -0.0292319 0.0104528 -69.1917 0.00812726 0.0785709 0.996875 0.173093
0.111974 0.987449 -0.111388 200.929 -0.99155 0.103638 -0.0780229 -70.28 -0.0654996 0.119183 0.990709 0.203387
0.289448 0.957191 0.00237204 201.175 -0.951788 0.288075 -0.105412 -71.273 -0.101583 0.0282537 0.994426 0.118606
0.393965 0.895896 0.205334 201.415 -0.889664 0.427808 -0.159619 -72.3391 -0.230846 -0.119794 0.965588 0.133543
0.415582 0.855812 0.308022 201.628 -0.851194 0.48529 -0.199908 -73.3776 -0.320563 -0.179108 0.930139 0.0923006
0.600803 0.760255 0.24708 201.844 -0.753531 0.64179 -0.142464 -74.3803 -0.266882 -0.10059 0.958465 0.0421154
0.650204 0.759559 0.0174429 202.021 -0.746343 0.642849 -0.172388 -75.3871 -0.142152 0.0990694 0.984875 0.043718
0.605147 0.786824 -0.121264 202.138 -0.764811 0.532278 -0.362966 -76.407 -0.221044 0.312391 0.923878 -0.0413671
0.37067 0.922315 -0.109268 202.195 -0.865446 0.300306 -0.401024 -77.4473 -0.337056 0.243213 0.909528 -0.0402408
0.54021 0.836385 -0.0929153 202.447 -0.779585 0.455808 -0.42952 -78.5289 -0.316892 0.304466 0.898265 -0.0894581
0.618364 0.780495 -0.0919453 202.549 -0.725484 0.521932 -0.44862 -79.5467 -0.302156 0.344115 0.888981 -0.0728302
0.654002 0.754703 -0.0519999 202.662 -0.690881 0.567866 -0.44745 -80.5651 -0.308163 0.328559 0.892796 -0.128618
0.610945 0.791657 0.00505646 202.807 -0.707721 0.549009 -0.444657 -81.589 -0.354792 0.268082 0.895687 -0.117306
0.766171 0.642459 0.0151235 203.091 -0.567122 0.687021 -0.454285 -82.5449 -0.30225 0.339483 0.890728 -0.167254
0.635648 0.768169 -0.0766057 203.294 -0.702074 0.533971 -0.471134 -83.5516 -0.321005 0.353258 0.878729 -0.219957
0.331939 0.926501 -0.177237 203.399 -0.890695 0.245977 -0.382305 -84.6711 -0.310609 0.284766 0.906879 -0.249469
0.332157 0.93022 -0.156081 203.566 -0.867197 0.236087 -0.438443 -85.7389 -0.371 0.280985 0.885102 -0.246641
0.365245 0.91492 -0.171805 203.701 -0.873536 0.273055 -0.402959 -86.7277 -0.321763 0.297257 0.898948 -0.303699
0.352546 0.910778 -0.214929 203.863 -0.895697 0.261907 -0.359349 -87.7864 -0.270995 0.319198 0.908116 -0.34427
0.255304 0.947875 -0.190665 204.02 -0.923059 0.180268 -0.339803 -88.8207 -0.28772 0.262748 0.920967 -0.34204
0.343765 0.920978 -0.18337 204.234 -0.8887 0.255983 -0.380376 -89.9158 -0.303378 0.293721 0.906471 -0.419574
0.538624 0.833292 -0.124531 204.507 -0.780562 0.437876 -0.44608 -91.0092 -0.317186 0.337474 0.886287 -0.455076
0.499768 0.861101 -0.0934673 204.756 -0.807154 0.423856 -0.410913 -92.0398 -0.314221 0.280804 0.906871 -0.529588
0.445589 0.888589 -0.108908 205.021 -0.818632 0.355196 -0.451306 -93.0913 -0.362342 0.290252 0.885699 -0.516729
0.45501 0.874848 -0.166154 205.292 -0.823388 0.34228 -0.452634 -94.1137 -0.339114 0.342763 0.876079 -0.602505
0.344258 0.916891 -0.201985 205.428 -0.868998 0.229732 -0.438254 -95.135 -0.355428 0.326397 0.875863 -0.634786
0.245705 0.939863 -0.237248 205.586 -0.919703 0.148713 -0.36336 -96.1645 -0.306227 0.307477 0.900934 -0.684079
0.22322 0.947486 -0.229007 205.736 -0.935711 0.142442 -0.322731 -97.1918 -0.273163 0.286324 0.918368 -0.696677
0.244468 0.934227 -0.259722 205.94 -0.949736 0.176681 -0.258428 -98.2174 -0.195542 0.309844 0.930462 -0.730256
0.200264 0.919369 -0.338606 206.303 -0.977638 0.164883 -0.130528 -99.1965 -0.0641734 0.357175 0.93183 -0.75829
0.356635 0.896801 -0.261839 206.77 -0.927441 0.306087 -0.214859 -100.086 -0.11254 0.319466 0.940891 -0.739286
0.559937 0.803558 -0.201904 207.279 -0.820412 0.503692 -0.270589 -100.959 -0.115737 0.317157 0.941284 -0.804355
0.818829 0.56314 -0.111318 207.966 -0.556373 0.73083 -0.395394 -101.821 -0.141308 0.385695 0.911741 -0.848492
0.88489 0.464606 0.0333274 208.713 -0.409114 0.809419 -0.421267 -102.541 -0.222699 0.359141 0.906324 -0.846347
0.718133 0.689548 -0.0938561 209.347 -0.67032 0.649174 -0.359506 -103.349 -0.186967 0.321087 0.928411 -0.863538
0.522502 0.837414 -0.160406 209.915 -0.81138 0.430528 -0.395358 -104.261 -0.262019 0.336725 0.904413 -0.933729
0.409852 0.878158 -0.246697 210.472 -0.901199 0.348052 -0.258263 -105.201 -0.140932 0.328173 0.934045 -0.947612
0.239381 0.944852 -0.223499 211.014 -0.953388 0.18519 -0.238236 -106.143 -0.183707 0.27011 0.945141 -0.917524
0.296451 0.937619 -0.181623 211.566 -0.948086 0.265999 -0.174291 -107.036 -0.115107 0.223863 0.967799 -0.962072
0.556609 0.823664 -0.108461 212.268 -0.826402 0.535564 -0.173868 -107.765 -0.0851211 0.186409 0.978778 -0.93243
0.724778 0.683891 -0.0836048 213.165 -0.688637 0.715214 -0.11937 -108.444 -0.0218409 0.14409 0.989324 -0.91721
0.68553 0.707168 -0.173093 213.988 -0.725816 0.682421 -0.08656 -109.164 0.05691 0.184973 0.981094 -0.88456
0.404629 0.882169 -0.240942 214.696 -0.912551 0.406617 -0.0437432 -109.997 0.0593822 0.237571 0.969553 -0.904018
0.228813 0.961398 -0.152836 215.354 -0.971159 0.236252 0.0321828 -110.884 0.0670484 0.141065 0.987727 -0.910369
-0.00160169 0.983683 -0.179906 215.819 -0.99922 -0.00867107 -0.0385154 -111.822 -0.0394469 0.179704 0.98293 -0.876803
0.058614 0.989529 -0.131897 216.179 -0.996459 0.0500155 -0.0675877 -112.775 -0.0602831 0.135392 0.988957 -0.901244
-0.0694139 0.987456 -0.141815 216.437 -0.996842 -0.0741525 -0.0284007 -113.884 -0.0385603 0.139395 0.989486 -0.8714
-0.0907686 0.98304 -0.15935 216.666 -0.995395 -0.0945076 -0.0160282 -114.869 -0.0308162 0.157162 0.987092 -0.884556
-0.0535731 0.991144 -0.121502 216.902 -0.9984 -0.0553712 -0.0114683 -115.883 -0.0180945 0.120694 0.992525 -0.846593
-0.0414853 0.987376 -0.152865 217.063 -0.99698 -0.0509612 -0.0586001 -116.875 -0.0656506 0.149972 0.986508 -0.853116
-0.0883456 0.985177 -0.14704 217.25 -0.996047 -0.0860036 0.0222221 -117.986 0.00924672 0.148422 0.988881 -0.899812
0.0287425 0.99263 -0.117731 217.456 -0.998904 0.02417 -0.0400841 -119.014 -0.0369432 0.118754 0.992236 -0.842089
0.0491956 0.985523 -0.162246 217.666 -0.998098 0.0424644 -0.0446998 -120.019 -0.037163 0.164137 0.985737 -0.836194
0.0991124 0.986389 -0.131199 217.966 -0.992508 0.0885276 -0.084202 -120.997 -0.0714412 0.138562 0.987774 -0.870812
0.226559 0.967644 -0.111068 218.361 -0.970384 0.214433 -0.111231 -122.008 -0.0838153 0.132979 0.987568 -0.844947
0.41531 0.902755 -0.112034 218.776 -0.901789 0.392386 -0.181135 -122.969 -0.11956 0.176258 0.977056 -0.84535
0.45518 0.884253 -0.104437 219.186 -0.887339 0.440767 -0.135478 -123.895 -0.0737645 0.154338 0.985261 -0.881306
0.59904 0.797416 -0.07266 219.648 -0.797281 0.585608 -0.146306 -124.78 -0.0741168 0.145574 0.986567 -0.87868
0.452374 0.881968 -0.132253 219.926 -0.890503 0.438628 -0.12087 -125.815 -0.0485933 0.17245 0.983819 -0.907738
0.168917 0.971539 -0.166067 220.035 -0.985619 0.165705 -0.0331092 -126.868 -0.0046486 0.169272 0.985558 -0.949837
0.126549 0.98219 -0.13888 220.081 -0.988493 0.113169 -0.100369 -127.921 -0.0828648 0.149984 0.98521 -0.939519
0.181891 0.971826 -0.149902 220.058 -0.982037 0.17175 -0.0781358 -129.011 -0.0501887 0.161421 0.985609 -0.998326
0.0397609 0.987868 -0.150121 219.928 -0.990558 0.0192423 -0.135734 -130.055 -0.131199 0.154101 0.979306 -1.0305
-0.110794 0.992859 -0.0442329 219.694 -0.991352 -0.113556 -0.0657735 -131.072 -0.0703267 0.0365631 0.996854 -1.09003
-0.0794587 0.993149 -0.085683 219.573 -0.992074 -0.0871798 -0.0904916 -132.117 -0.0973414 0.0778135 0.992204 -1.08522
0.0143653 0.986358 -0.163987 219.513 -0.991919 -0.00661827 -0.1267 -133.208 -0.126057 0.164482 0.978292 -1.1621
-0.113555 0.975926 -0.186208 219.401 -0.981828 -0.138912 -0.129298 -134.33 -0.152052 0.168141 0.973965 -1.17495
-0.292904 0.913498 -0.282362 219.25 -0.946306 -0.319211 -0.0510753 -135.398 -0.13679 0.252241 0.957947 -1.21011
-0.393189 0.854084 -0.340505 218.963 -0.903184 -0.428135 -0.0309574 -136.44 -0.172222 0.295367 0.939733 -1.23116
-0.524178 0.787564 -0.324008 218.397 -0.836288 -0.547881 0.0212104 -137.328 -0.160813 0.282082 0.945817 -1.26871
-0.647287 0.700928 -0.299531 217.677 -0.755997 -0.640552 0.134763 -138.16 -0.0974059 0.313675 0.944521 -1.2959
-0.791866 0.552384 -0.260422 216.919 -0.596329 -0.791357 0.134704 -138.913 -0.131678 0.261965 0.956052 -1.31509
-0.802684 0.550727 -0.228905 216.133 -0.585773 -0.800143 0.129005 -139.636 -0.11211 0.237636 0.964863 -1.33974
-0.781956 0.579456 -0.229729 215.254 -0.615466 -0.776109 0.13732 -140.312 -0.0987236 0.248769 0.963518 -1.37004
-0.864589 0.455545 -0.212049 214.32 -0.491453 -0.854554 0.167964 -140.873 -0.104692 0.249432 0.962717 -1.41636
-0.916713 0.342065 -0.206469 213.345 -0.372957 -0.917961 0.135095 -141.355 -0.143319 0.200848 0.969082 -1.43264
-0.911359 0.36105 -0.197653 212.444 -0.390563 -0.910123 0.138338 -141.784 -0.129942 0.203272 0.970462 -1.44314
-0.927561 0.304383 -0.216752 211.403 -0.340376 -0.927597 0.153973 -142.168 -0.154192 0.216597 0.964008 -1.4489
-0.967531 0.192778 -0.163462 210.372 -0.229135 -0.941968 0.245343 -142.495 -0.10668 0.274832 0.955556 -1.48822
-0.972751 0.176413 -0.150448 209.413 -0.201934 -0.963475 0.175892 -142.799 -0.113923 0.201479 0.972845 -1.45972
-0.947739 0.278345 -0.155931 208.36 -0.298494 -0.946151 0.125299 -143.122 -0.112658 0.165296 0.979788 -1.47814
-0.965833 0.146758 -0.213609 207.307 -0.17869 -0.974077 0.138719 -143.395 -0.187714 0.172149 0.96702 -1.51349
-0.984993 -0.0742808 -0.155794 206.318 0.0447581 -0.981703 0.185086 -143.589 -0.166692 0.175335 0.970295 -1.5321
-0.90665 -0.373673 -0.195844 205.252 0.324171 -0.914136 0.24345 -143.567 -0.269999 0.157237 0.949935 -1.53127
-0.957356 -0.285424 -0.0447512 204.232 0.268837 -0.936815 0.223839 -143.432 -0.105813 0.202263 0.973598 -1.5105
-0.97699 -0.201927 0.0686661 203.11 0.212465 -0.949599 0.230478 -143.317 0.0186655 0.239764 0.970652 -1.47541
-0.943453 -0.330902 -0.0199891 202.045 0.328622 -0.941482 0.0749614 -143.248 -0.0436243 0.0641538 0.996986 -1.49175
-0.951595 -0.305073 -0.0373798 200.936 0.303011 -0.951557 0.0521913 -143.218 -0.0514911 0.0383385 0.997937 -1.46542
-0.92781 -0.173298 0.330359 199.876 0.274462 -0.916872 0.289857 -143.208 0.252665 0.359603 0.898246 -1.40509
-0.961086 -0.0849092 0.262876 198.777 0.21139 -0.838658 0.501964 -143.174 0.177841 0.538 0.823971 -1.41084
-0.938946 0.34406 0.00159872 198.103 -0.269263 -0.737698 0.619111 -143.309 0.214191 0.580882 0.785302 -1.37501
-0.657835 0.667334 -0.349168 197.752 -0.7161 -0.410547 0.564493 -143.532 0.233356 0.621383 0.74795 -1.38231
-0.185252 0.786743 -0.588827 197.586 -0.957102 -0.00860179 0.289623 -143.679 0.222794 0.617221 0.754587 -1.36775
0.368286 0.646592 -0.668045 197.62 -0.892243 0.447747 -0.0585153 -143.706 0.26128 0.617609 0.741817 -1.37068
0.767771 0.339554 -0.543352 197.564 -0.590041 0.705263 -0.393009 -143.646 0.249758 0.62234 0.741831 -1.3569
0.947583 -0.0672876 -0.312345 197.418 -0.163965 0.736628 -0.656121 -143.694 0.274231 0.672942 0.686983 -1.37684
0.901593 -0.432524 -0.00720847 197.255 0.276244 0.588492 -0.759847 -143.603 0.332894 0.683081 0.650062 -1.36816
0.624261 -0.692933 0.360752 197.053 0.709623 0.309857 -0.63279 -143.456 0.3267 0.651025 0.685153 -1.34425
0.159504 -0.783719 0.600286 196.786 0.923028 -0.0972569 -0.372238 -143.191 0.350112 0.613454 0.707881 -1.3488
-0.350371 -0.648831 0.675469 196.282 0.890237 -0.454817 0.0248908 -142.904 0.291065 0.610048 0.736968 -1.35713
-0.738928 -0.390991 0.548737 195.357 0.630965 -0.687241 0.359976 -142.804 0.236367 0.61223 0.754523 -1.36008
-0.944478 -0.0199357 0.327969 194.409 0.231222 -0.749503 0.620308 -142.783 0.233448 0.661701 0.712498 -1.39319
-0.965859 0.259042 0.00363462 193.401 -0.165932 -0.629341 0.759208 -142.976 0.198955 0.732685 0.650838 -1.44166
-0.691764 0.632478 -0.348474 192.753 -0.682896 -0.416088 0.600436 -143.417 0.234767 0.653331 0.719752 -1.41947
-0.235882 0.699991 -0.674071 192.514 -0.937592 0.0184409 0.347248 -143.806 0.255501 0.713914 0.651956 -1.41851
0.24619 0.615628 -0.748594 192.386 -0.945299 0.323057 -0.045205 -144.035 0.214009 0.718775 0.661486 -1.42675
0.618683 0.337509 -0.70945 192.304 -0.73076 0.578798 -0.361914 -144.124 0.288479 0.742348 0.604731 -1.43211
0.944178 -0.0378398 -0.327255 192.186 -0.204873 0.710476 -0.673239 -144.069 0.257982 0.702703 0.663064 -1.41022
0.896374 -0.435376 0.0834347 192.008 0.34863 0.576098 -0.739303 -143.996 0.273808 0.691779 0.668184 -1.45289
0.570488 -0.677602 0.464112 191.685 0.779053 0.267538 -0.56701 -143.832 0.26004 0.68504 0.680514 -1.43721
0.0169492 -0.816539 0.577042 191.097 0.971084 -0.12401 -0.204003 -143.622 0.238135 0.563814 0.790826 -1.4342
-0.533428 -0.63704 0.556448 190.404 0.81558 -0.561774 0.138703 -143.469 0.224239 0.527816 0.819223 -1.46566
-0.894335 -0.288407 0.342033 189.565 0.404372 -0.848195 0.342125 -143.539 0.191439 0.444283 0.875194 -1.4652
-0.997824 0.0604704 0.0262902 188.581 -0.0398923 -0.871085 0.48951 -143.789 0.0525018 0.487396 0.871601 -1.52617
-0.996476 -0.0150253 -0.0825213 187.499 -0.0147608 -0.937058 0.348861 -144.106 -0.082569 0.34885 0.933534 -1.59912
-0.990798 -0.0499359 -0.125804 186.52 0.00650612 -0.945952 0.324241 -144.414 -0.135196 0.320438 0.937572 -1.6269
-0.989983 -0.0768162 -0.118463 185.519 0.037546 -0.952063 0.303589 -144.592 -0.136104 0.2961 0.94541 -1.6122
-0.970457 -0.240923 -0.0129987 184.512 0.23139 -0.944612 0.232738 -144.698 -0.0683507 0.222855 0.972453 -1.63946
-0.98067 -0.192173 -0.0368176 183.454 0.181915 -0.964753 0.190154 -144.855 -0.0720623 0.17978 0.981064 -1.59667
-0.991242 -0.126003 -0.0395293 182.448 0.118654 -0.981196 0.152237 -144.984 -0.0579683 0.146213 0.987553 -1.61182
-0.996397 -0.076042 -0.0375576 181.455 0.0690465 -0.984466 0.16143 -145.196 -0.0492497 0.158255 0.986169 -1.66943
-0.992315 0.0153833 -0.122776 180.427 -0.0365287 -0.984439 0.17189 -145.514 -0.118222 0.175054 0.977435 -1.67057
-0.980411 0.104411 -0.167012 179.432 -0.131158 -0.978673 0.158103 -145.79 -0.146942 0.176911 0.973196 -1.67604
-0.991307 -0.111247 -0.0702408 178.347 0.0998852 -0.98385 0.148532 -145.997 -0.0856301 0.140225 0.98641 -1.67869
-0.977247 -0.159882 -0.139375 177.334 0.134935 -0.975624 0.17306 -146.196 -0.163646 0.150316 0.975 -1.63033
-0.98849 -0.11183 -0.101887 176.3 0.0949663 -0.982939 0.157517 -146.339 -0.117763 0.146028 0.982246 -1.66601
-0.961453 -0.274883 0.00681921 175.216 0.273872 -0.955114 0.112925 -146.417 -0.024528 0.110439 0.99358 -1.69334
-0.920347 -0.390738 -0.0168753 174.211 0.385327 -0.9133 0.131933 -146.412 -0.0669637 0.114922 0.991115 -1.68871
-0.889454 -0.456845 0.0128088 173.199 0.45549 -0.883826 0.106677 -146.267 -0.0374141 0.100719 0.994211 -1.7554
-0.691299 -0.718552 0.0760815 172.161 0.721499 -0.680713 0.12676 -145.865 -0.0392939 0.142522 0.989011 -1.74255
-0.480739 -0.864042 0.149406 171.236 0.876628 -0.469632 0.104731 -145.345 -0.020326 0.181321 0.983214 -1.77364
-0.280758 -0.947067 0.155688 170.428 0.958326 -0.267698 0.0997451 -144.587 -0.0527877 0.177204 0.982757 -1.74725
-0.261769 -0.946794 0.187239 169.831 0.964927 -0.252759 0.0709109 -143.746 -0.0198116 0.199234 0.979752 -1.7561
-0.136647 -0.968049 0.21026 169.377 0.989708 -0.124304 0.0709033 -142.851 -0.0425015 0.217785 0.975071 -1.73977
-0.0593933 -0.980892 0.185263 168.968 0.995255 -0.0438593 0.086851 -141.931 -0.0770659 0.189542 0.978843 -1.70506
-0.0874557 -0.982278 0.165777 168.588 0.996084 -0.0840653 0.0273728 -140.969 -0.0129517 0.167521 0.985783 -1.69496
0.00471301 -0.975374 0.220508 168.258 0.999188 -0.00423237 -0.0400771 -139.981 0.0400234 0.220518 0.974561 -1.65336
0.0178948 -0.947616 0.318909 167.895 0.999437 0.0260098 0.0212056 -139.043 -0.0283895 0.31835 0.947548 -1.6244
-0.0556131 -0.942221 0.330345 167.473 0.998452 -0.052466 0.018443 -138.06 -4.55015e-05 0.330859 0.94368 -1.64759
-0.0833694 -0.908978 0.408422 167.112 0.995936 -0.0619873 0.0653381 -137.089 -0.0340739 0.41221 0.910452 -1.61505
-0.0778861 -0.922728 0.3775 166.68 0.996508 -0.0834774 0.00155553 -136.146 0.0300774 0.376303 0.926008 -1.56952
-0.157534 -0.935468 0.316358 166.223 0.987354 -0.154957 0.0334592 -135.189 0.0177219 0.317629 0.94805 -1.59252
-0.164016 -0.925357 0.341779 165.801 0.98619 -0.161883 0.0349676 -134.281 0.0229708 0.342795 0.939129 -1.53442
-0.155264 -0.925546 0.345338 165.251 0.985912 -0.167196 -0.00483899 -133.288 0.0622179 0.339722 0.938466 -1.55006
-0.167423 -0.916714 0.362773 164.795 0.985565 -0.146248 0.0852836 -132.361 -0.0251259 0.371815 0.927967 -1.53017
-0.146631 -0.913572 0.379322 164.464 0.989142 -0.131587 0.0654443 -131.397 -0.00987431 0.384799 0.922947 -1.51218
0.0403976 -0.933217 0.357036 164.205 0.999139 0.0343478 -0.0232719 -130.418 0.0094543 0.357669 0.933801 -1.52729
0.0275058 -0.954814 0.295928 163.907 0.998768 0.0140203 -0.0475965 -129.409 0.0412968 0.296873 0.954024 -1.44591
-0.0440544 -0.951914 0.303183 163.599 0.997017 -0.0611433 -0.0471008 -128.403 0.0633735 0.300203 0.951768 -1.44017
0.082623 -0.974181 0.210107 163.382 0.995747 0.0720731 -0.057396 -127.405 0.040771 0.213956 0.975992 -1.45081
-0.0205301 -0.981949 0.188031 163.083 0.987953 -0.0487787 -0.146866 -126.448 0.153387 0.182751 0.97112 -1.34782
-0.0771625 -0.960576 0.267094 162.862 0.975559 -0.128025 -0.178592 -125.376 0.205746 0.246785 0.946977 -1.35453
0.127785 -0.945577 0.299259 162.741 0.978848 0.0716306 -0.191639 -124.289 0.159773 0.317418 0.934729 -1.33977
0.105362 -0.964842 0.24079 162.514 0.977597 0.0561275 -0.202864 -123.31 0.182217 0.25677 0.94914 -1.30406
-0.0416641 -0.984839 0.168394 162.214 0.980807 -0.072446 -0.181023 -122.286 0.190478 0.15762 0.968955 -1.28925
0.00281615 -0.975775 0.218757 161.949 0.982273 -0.0383037 -0.1835 -121.303 0.187434 0.215396 0.95837 -1.26708
0.0729082 -0.968703 0.237273 161.687 0.975987 0.0203341 -0.216879 -120.291 0.205267 0.247388 0.946924 -1.27845
0.037641 -0.9769 0.210354 161.404 0.983336 -0.00125669 -0.181796 -119.214 0.17786 0.213691 0.960574 -1.18464
0.035336 -0.965992 0.256145 161.118 0.972332 -0.0259908 -0.232154 -118.177 0.230916 0.257262 0.938346 -1.21553
0.126347 -0.960433 0.248204 161.077 0.975036 0.0741816 -0.209289 -117.067 0.182596 0.268451 0.945829 -1.16941
0.251184 -0.924616 0.286343 161.15 0.936616 0.157529 -0.312946 -116.06 0.244247 0.3468 0.905579 -1.16491
0.251734 -0.927 0.278031 161.136 0.952312 0.186081 -0.241816 -115.057 0.172427 0.325646 0.929636 -1.09996
0.117335 -0.962135 0.246026 161.094 0.976678 0.066942 -0.204008 -113.954 0.179813 0.264225 0.947551 -1.12024
0.171683 -0.906224 0.386372 161.175 0.981785 0.124989 -0.143095 -112.884 0.0813841 0.403901 0.911175 -1.07022
0.265153 -0.893538 0.36233 161.153 0.949696 0.177075 -0.258306 -111.767 0.166646 0.412594 0.895542 -1.06628
0.0215878 -0.933862 0.356981 160.993 0.99351 -0.0198481 -0.112003 -110.723 0.111681 0.357082 0.927372 -0.999095
-0.00274288 -0.917023 0.398824 160.898 0.988107 -0.0638032 -0.139908 -109.602 0.153745 0.393697 0.906292 -0.97656
0.0513538 -0.916964 0.395651 160.795 0.992999 0.00468596 -0.118027 -108.491 0.106372 0.398943 0.910785 -0.970781
0.210711 -0.918339 0.335043 160.683 0.975341 0.17448 -0.135158 -107.488 0.0656628 0.35526 0.932458 -0.918738
0.00288323 -0.945404 0.325887 160.548 0.993345 -0.0348148 -0.109787 -106.467 0.115139 0.324035 0.939012 -0.914814
0.10719 -0.90706 0.407128 160.461 0.992199 0.0713756 -0.102208 -105.38 0.0636501 0.414907 0.907635 -0.883016
0.22509 -0.9207 0.318819 160.391 0.973439 0.198452 -0.114163 -104.374 0.0418396 0.336048 0.940915 -0.872319
0.113495 -0.938219 0.326902 160.213 0.989012 0.0753163 -0.127208 -103.341 0.0947275 0.337747 0.936458 -0.836563
0.0663479 -0.918841 0.38901 160.01 0.992682 0.02136 -0.118856 -102.337 0.1009 0.394049 0.913534 -0.81537
0.158087 -0.921462 0.354847 159.801 0.986529 0.132089 -0.0965001 -101.348 0.0420498 0.365323 0.929931 -0.812915
-0.0495369 -0.963665 0.26248 159.494 0.994965 -0.0705396 -0.0712019 -100.315 0.08713 0.257631 0.962307 -0.776547
0.0191801 -0.966281 0.256776 159.305 0.996111 -0.00362113 -0.0880319 -99.2325 0.0859934 0.257466 0.962453 -0.73132
0.00859642 -0.985099 0.171775 159.029 0.99758 -0.00340326 -0.0694408 -98.2588 0.0689906 0.171956 0.982686 -0.757251
0.00464106 -0.99787 0.0650718 158.746 0.995115 -0.00180835 -0.0987046 -97.285 0.098612 0.065212 0.992987 -0.704744
-0.0353499 -0.993036 0.112384 158.498 0.997522 -0.0419056 -0.0565158 -96.3052 0.0608318 0.110108 0.992056 -0.681969
0.088448 -0.994498 0.056123 158.237 0.996014 0.0889528 0.00655629 -95.2116 -0.0115125 0.0553194 0.998402 -0.701891
0.0663693 -0.997701 -0.013697 158.02 0.997768 0.0662592 0.00834158 -94.2181 -0.00741486 -0.01422 0.999871 -0.636989
-0.0849108 -0.995317 0.0461883 157.871 0.996388 -0.0847631 0.00515117 -93.1201 -0.00121199 0.0464588 0.998919 -0.619893
-0.0749487 -0.993016 0.0911167 157.715 0.997141 -0.0737493 0.016464 -92.1308 -0.00962926 0.0920901 0.995704 -0.607535
0.0536977 -0.993484 0.100533 157.504 0.995013 0.0617103 0.0783654 -91.0675 -0.0840587 0.0958234 0.991843 -0.582894
-0.0450987 -0.990228 0.131967 157.29 0.983353 -0.0207277 0.180522 -90.0622 -0.176022 0.137911 0.974678 -0.597735
-0.0178518 -0.995872 0.088991 157.18 0.95651 0.00890799 0.291565 -88.9886 -0.291154 0.0903257 0.952403 -0.54028
-0.0221795 -0.999391 0.0269494 157.059 0.963747 -0.0142037 0.266438 -87.9282 -0.265893 0.0318818 0.963475 -0.504035
-0.0792104 -0.994266 -0.0718351 156.853 0.930823 -0.0995624 0.351647 -86.8247 -0.356783 -0.0390117 0.933372 -0.436804
-0.163974 -0.979268 -0.11894 156.65 0.942953 -0.191012 0.272681 -85.7798 -0.289746 -0.067442 0.954724 -0.425434
-0.135909 -0.990278 0.0296453 156.497 0.965819 -0.125767 0.226663 -84.7969 -0.220731 0.0594375 0.973522 -0.406223
-0.114715 -0.987328 0.109651 156.308 0.978693 -0.0934043 0.182856 -83.7078 -0.170297 0.128292 0.977006 -0.448778
-0.110903 -0.991608 0.0664332 156.146 0.982193 -0.0991592 0.159576 -82.6869 -0.151649 0.0829477 0.984948 -0.402208
-0.0898145 -0.987494 0.129571 156.032 0.982536 -0.0665645 0.173757 -81.5568 -0.162959 0.142914 0.976227 -0.394912
-0.0720649 -0.98622 0.14892 155.87 0.987955 -0.0500838 0.146409 -80.4113 -0.136933 0.157677 0.977951 -0.412402
-0.0909976 -0.993529 0.0679657 155.647 0.985073 -0.079789 0.152527 -79.4428 -0.146117 0.0808308 0.985959 -0.329882
-0.111559 -0.986822 0.117208 155.529 0.986592 -0.0958438 0.132096 -78.4353 -0.119122 0.130373 0.984283 -0.361113
-0.056492 -0.991175 0.119918 155.398 0.992733 -0.0429819 0.112401 -77.4484 -0.106255 0.125396 0.9864 -0.347235
-0.0866699 -0.996119 0.0153364 155.213 0.994242 -0.0855122 0.0645818 -76.4342 -0.0630197 0.0208453 0.997795 -0.254546
-0.116522 -0.989267 0.0881722 155.096 0.993164 -0.116672 0.00346973 -75.3254 0.00685472 0.0879738 0.996099 -0.280002
-0.0765784 -0.983147 0.166005 154.99 0.996521 -0.0699788 0.0452552 -74.2372 -0.0328757 0.168893 0.985086 -0.229279
0.0263603 -0.984689 0.172313 154.868 0.998344 0.0347485 0.0458454 -73.2478 -0.0511311 0.170819 0.983975 -0.246456
-0.0278119 -0.981674 0.188528 154.639 0.998147 -0.0170608 0.0584117 -72.1998 -0.0541248 0.189803 0.980329 -0.192999
-0.171096 -0.968668 0.180022 154.373 0.982662 -0.154526 0.10246 -71.2333 -0.0714313 0.194431 0.978312 -0.167096
0.0245803 -0.97492 0.221192 154.199 0.999698 0.0240101 -0.00526671 -70.1778 -0.000176214 0.221254 0.975216 -0.191665
-0.0412256 -0.970147 0.238987 153.98 0.999002 -0.0359015 0.0265902 -69.1963 -0.0172165 0.239844 0.970659 -0.140326
-0.0918481 -0.970034 0.224941 153.803 0.995588 -0.0851071 0.0395043 -68.0837 -0.0191764 0.227577 0.973571 -0.130403
0.0015786 -0.96336 0.268207 153.648 0.99948 0.0101594 0.0306083 -66.9913 -0.0322116 0.268019 0.962875 -0.142021
0.0786261 -0.956991 0.279261 153.499 0.99688 0.0774325 -0.0153212 -65.8816 -0.00696161 0.279594 0.960093 -0.121846
-0.124599 -0.956112 0.265189 153.294 0.991947 -0.113914 0.0553636 -64.9012 -0.0227252 0.269952 0.962606 -0.070005
-0.226923 -0.908985 0.349646 153.117 0.972864 -0.194913 0.124675 -63.8232 -0.0451774 0.36845 0.928549 -0.0548317
-0.202617 -0.9173 0.342793 152.894 0.979028 -0.197339 0.0506097 -62.7654 0.0212223 0.345858 0.938047 -0.0462776
-0.200349 -0.938288 0.281914 152.65 0.979435 -0.18482 0.0809273 -61.7842 -0.0238299 0.29233 0.956021 0.00693549
-0.220277 -0.924335 0.311581 152.409 0.975427 -0.210199 0.0660201 -60.7022 0.00446915 0.318467 0.947923 0.0148392
-0.129767 -0.968016 0.214723 152.292 0.991509 -0.124849 0.0363709 -59.5808 -0.00839964 0.217619 0.975998 0.0528657
-0.0317432 -0.990407 0.134488 152.161 0.998321 -0.037941 -0.0437746 -58.4923 0.0484573 0.132872 0.989948 0.0529953
0.0130848 -0.991348 0.130606 152.057 0.999894 0.0121383 -0.0080401 -57.5017 0.0063852 0.130697 0.991402 0.123335
-0.0939274 -0.971843 0.216098 151.914 0.994323 -0.080672 0.0693831 -56.5103 -0.0499964 0.221388 0.973903 0.139563
-0.0677721 -0.958884 0.275589 151.669 0.997482 -0.0593421 0.0388238 -55.4241 -0.0208735 0.277526 0.960491 0.124861
-0.149388 -0.95344 0.261984 151.33 0.984607 -0.119129 0.127894 -54.3657 -0.0907296 0.277057 0.95656 0.168143
-0.183739 -0.95101 0.248636 151.069 0.981381 -0.163078 0.101472 -53.4029 -0.0559539 0.262651 0.963267 0.162025
-0.14091 -0.956182 0.256633 150.835 0.989563 -0.128136 0.0659223 -52.3053 -0.0301498 0.263244 0.964258 0.166793
-0.0471703 -0.979814 0.194267 150.631 0.997146 -0.0347112 0.0670481 -51.2352 -0.0589514 0.196875 0.978655 0.189997
-0.212271 -0.961929 0.172146 150.377 0.975797 -0.199175 0.0902788 -50.2312 -0.0525547 0.187143 0.980926 0.193543
-0.260413 -0.943254 0.206048 150.11 0.963978 -0.242046 0.110273 -49.2666 -0.0541419 0.227343 0.972309 0.223003
-0.271887 -0.9312 0.242782 149.671 0.961699 -0.253788 0.103572 -48.2648 -0.034831 0.261643 0.964536 0.214713
-0.291077 -0.935975 0.198053 149.26 0.956696 -0.285347 0.0575298 -47.3579 0.00266739 0.206222 0.978502 0.292655
-0.320681 -0.918709 0.230514 148.829 0.947186 -0.310578 0.0798779 -46.3138 -0.00179177 0.243955 0.969785 0.267625
-0.203673 -0.948167 0.24392 148.495 0.978533 -0.205155 0.0195977 -45.256 0.0314594 0.242675 0.969597 0.287693
0.0798049 -0.950225 0.301172 148.323 0.996806 0.0752104 -0.0268394 -44.2325 0.00285223 0.302352 0.953192 0.321135
-0.0829277 -0.960028 0.267336 148.078 0.9961 -0.0717417 0.0513596 -43.2446 -0.0301276 0.270552 0.962234 0.328133
-0.0634447 -0.947841 0.312366 147.918 0.997877 -0.0556448 0.0338309 -42.1344 -0.0146848 0.31385 0.949359 0.374078
0.0783174 -0.954687 0.287122 147.817 0.99689 0.0724603 -0.0309866 -41.0551 0.00877755 0.288656 0.957393 0.37009
0.0224143 -0.96243 0.270605 147.717 0.998548 0.0348136 0.0411076 -40.0532 -0.0489839 0.26929 0.961813 0.444175
-0.0457054 -0.944704 0.324725 147.615 0.998621 -0.0516194 -0.00961631 -39.063 0.0258466 0.323837 0.94576 0.46195
-0.0196171 -0.935932 0.351635 147.462 0.995657 -0.0503026 -0.0783423 -37.9849 0.0910112 0.348571 0.932853 0.470502
0.0958301 -0.939766 0.32811 147.329 0.994904 0.0800463 -0.0613114 -36.9142 0.0313543 0.332314 0.942648 0.503898
-0.0218345 -0.929034 0.36935 147.211 0.99796 -0.0424196 -0.0477034 -35.8975 0.0599858 0.367555 0.928065 0.526756
0.0355734 -0.906994 0.419639 147.139 0.99895 0.0201416 -0.0411491 -34.8981 0.0288698 0.420662 0.906758 0.549644
0.129537 -0.897959 0.420584 147.059 0.991368 0.10862 -0.0734269 -33.8024 0.0202505 0.426465 0.904278 0.570357
-0.0094369 -0.932527 0.360976 146.918 0.998843 -0.025813 -0.0405714 -32.7411 0.0471518 0.360176 0.931692 0.639433
0.0463279 -0.921745 0.385018 146.874 0.997678 0.0234301 -0.0639548 -31.7408 0.0499291 0.387087 0.92069 0.66927
0.171219 -0.908767 0.380561 146.848 0.983692 0.136086 -0.117606 -30.7412 0.0550875 0.394491 0.917247 0.675559
0.0637859 -0.912546 0.403969 146.781 0.994975 0.0268502 -0.0964515 -29.6424 0.0771698 0.408091 0.909674 0.733811
-0.0287569 -0.900018 0.434903 146.706 0.998421 -0.0468665 -0.0309705 -28.5945 0.0482564 0.433326 0.899945 0.772133
0.0942453 -0.905286 0.414216 146.625 0.994274 0.0645435 -0.0851618 -27.5493 0.0503608 0.419871 0.906186 0.767008
0.0190223 -0.881579 0.471654 146.507 0.996365 -0.022463 -0.0821707 -26.4478 0.0830347 0.471502 0.877947 0.830539
-0.0566914 -0.895099 0.442249 146.38 0.997398 -0.0705378 -0.0149111 -25.3875 0.0445422 0.440253 0.896768 0.84897
0.0792374 -0.887223 0.454484 146.256 0.994196 0.0370494 -0.101007 -24.396 0.0727777 0.45985 0.885009 0.839048
-0.123198 -0.886385 0.446255 146.029 0.990385 -0.138334 -0.00135379 -23.3194 0.0629323 0.441797 0.894905 0.896914
-0.129428 -0.877584 0.461621 145.824 0.990876 -0.132108 0.0266698 -22.3235 0.0375789 0.460861 0.886676 0.915758
-0.151167 -0.886617 0.437103 145.488 0.982109 -0.18494 -0.0354802 -21.2736 0.112295 0.423919 0.898712 0.933759
-0.252417 -0.873952 0.415323 145.09 0.964729 -0.26045 0.0382667 -20.3379 0.0747275 0.410333 0.908869 0.989019
-0.321261 -0.853094 0.411123 144.734 0.944027 -0.322821 0.0678184 -19.2992 0.074864 0.409899 0.909054 0.996107
-0.310843 -0.838516 0.447512 144.301 0.94484 -0.32374 0.049688 -18.2665 0.103213 0.438272 0.892897 1.00384
-0.254111 -0.863152 0.436344 143.833 0.964781 -0.257946 0.0515978 -17.2517 0.0680164 0.434087 0.898299 1.0375
-0.361022 -0.822173 0.440107 143.356 0.928501 -0.360875 0.0874949 -16.3469 0.086888 0.440228 0.893672 1.09056
-0.407277 -0.791769 0.455223 142.839 0.904743 -0.417858 0.0826728 -15.3399 0.124761 0.44553 0.886531 1.13339
-0.393091 -0.794473 0.462916 142.261 0.911482 -0.403018 0.0823232 -14.3901 0.12116 0.4543 0.882571 1.10428
-0.330216 -0.850151 0.410123 141.729 0.943859 -0.301724 0.134513 -13.5376 0.00938759 0.431516 0.902056 1.15688
-0.442731 -0.768864 0.461343 141.242 0.894417 -0.415014 0.16668 -12.6664 0.0633091 0.486427 0.871424 1.1389
-0.392565 -0.790619 0.469909 140.727 0.915426 -0.385218 0.116626 -11.6451 0.0888107 0.47595 0.874977 1.16313
-0.263787 -0.857451 0.441808 140.263 0.964539 -0.238747 0.112535 -10.7595 0.00898708 0.455826 0.890023 1.19721
-0.382362 -0.799894 0.462567 139.796 0.920547 -0.373077 0.11579 -9.83923 0.0799537 0.470089 0.87899 1.20415
-0.3341 -0.79963 0.498968 139.287 0.938901 -0.328807 0.101736 -8.83084 0.0827134 0.502472 0.860628 1.2399
-0.187822 -0.884604 0.426847 138.752 0.981654 -0.183588 0.0514803 -7.82989 0.0328241 0.428685 0.902857 1.21234
-0.20048 -0.920877 0.334355 138.252 0.977861 -0.167205 0.125816 -6.85331 -0.0599552 0.352176 0.934011 1.30253
-0.196971 -0.932117 0.303909 137.837 0.980114 -0.1796 0.0843857 -5.80564 -0.0240752 0.314487 0.948957 1.31102
-0.129822 -0.940507 0.313995 137.424 0.990268 -0.106966 0.0890339 -4.78299 -0.0501503 0.322498 0.945241 1.34258
-0.116938 -0.949517 0.291106 136.922 0.993134 -0.112781 0.0310796 -3.7641 0.00332074 0.292741 0.956186 1.35815
-0.192967 -0.942956 0.271289 136.408 0.979888 -0.170876 0.103056 -2.83236 -0.0508204 0.285719 0.956965 1.4242
-0.266812 -0.938112 0.220809 135.955 0.961344 -0.242892 0.129699 -1.93554 -0.0680393 0.246879 0.966655 1.45504
-0.190798 -0.951051 0.2431 135.483 0.981618 -0.183671 0.0518718 -0.96517 -0.00468227 0.248529 0.968613 1.46702
-0.268299 -0.934697 0.233146 134.986 0.95934 -0.237222 0.152946 -0.0453 -0.0876512 0.264702 0.960339 1.50606
-0.34085 -0.905815 0.251637 134.515 0.939865 -0.322118 0.11355 0.858768 -0.0217987 0.275209 0.961137 1.51871
-0.287773 -0.927999 0.236652 133.97 0.957513 -0.283655 0.052037 1.83838 0.0188371 0.241572 0.9702 1.52369
-0.23133 -0.958073 0.169067 133.409 0.972724 -0.224712 0.0575481 2.79871 -0.0171439 0.177768 0.983923 1.5544
-0.280332 -0.949167 0.143165 132.839 0.959901 -0.276877 0.0439221 3.67621 -0.00205038 0.149737 0.988724 1.55358
-0.264555 -0.953232 0.146147 132.286 0.964065 -0.265231 0.0151994 4.65194 0.0242742 0.144916 0.989146 1.58305
-0.135254 -0.984246 0.113872 131.78 0.990522 -0.137095 -0.00845495 5.65632 0.023933 0.11165 0.993459 1.5591
-0.129745 -0.986355 0.101342 131.334 0.988845 -0.121173 0.0866152 6.58176 -0.0731533 0.111449 0.991074 1.62366
-0.172703 -0.975869 0.133613 130.918 0.983424 -0.163232 0.0789441 7.54593 -0.0552292 0.145032 0.987884 1.62112
-0.16837 -0.973717 0.153384 130.462 0.985223 -0.161275 0.0576708 8.44702 -0.0314181 0.160828 0.986482 1.61935
-0.201578 -0.976955 0.0701753 129.923 0.978036 -0.196886 0.0684204 9.38866 -0.0530272 0.082426 0.995185 1.67074
-0.27766 -0.951724 0.130865 129.452 0.960438 -0.271953 0.0599979 10.3228 -0.0215124 0.142347 0.989583 1.68931
-0.280983 -0.949848 0.137246 128.969 0.959405 -0.274384 0.0652326 11.203 -0.0243029 0.150004 0.988387 1.68103
-0.270552 -0.958851 0.0860625 128.478 0.956796 -0.257925 0.134225 12.1091 -0.106504 0.118659 0.987207 1.72462
-0.367166 -0.922434 0.119603 127.939 0.929158 -0.357775 0.0930696 13.0917 -0.0430595 0.145302 0.98845 1.73787
-0.241897 -0.958325 0.151984 127.595 0.967064 -0.225329 0.118379 14.1186 -0.0791988 0.175614 0.981268 1.77294
-0.184143 -0.972644 0.141616 127.186 0.981871 -0.17544 0.0717698 15.1117 -0.0449614 0.152264 0.987317 1.78987
-0.487463 -0.872627 0.0300297 126.525 0.869262 -0.48177 0.110823 15.9205 -0.0822393 0.0801255 0.993386 1.85584
-0.643 -0.765064 0.0350482 125.641 0.765475 -0.640535 0.0613391 16.6036 -0.0244787 0.0662695 0.997501 1.92178
-0.700762 -0.708247 0.0855468 124.718 0.712221 -0.687683 0.140831 17.1543 -0.0409141 0.159617 0.986331 1.92509
-0.788116 -0.615507 0.00497344 123.715 0.604655 -0.772659 0.193367 17.5814 -0.115176 0.155403 0.981114 1.97812
-0.875717 -0.482809 0.00388392 122.739 0.475632 -0.861259 0.178905 17.9806 -0.0830319 0.158517 0.983859 1.84913
-0.9672 -0.253168 -0.0207609 121.674 0.243293 -0.946763 0.210828 18.2755 -0.0730303 0.198861 0.977303 1.78094
-0.985677 -0.134416 -0.101847 120.623 0.109496 -0.969403 0.219699 18.3207 -0.128262 0.2054 0.970237 1.75808
-0.993411 0.0401466 -0.107348 119.546 -0.0621392 -0.975693 0.210148 18.1678 -0.0963019 0.215434 0.971758 1.78417
-0.962071 0.225345 -0.15375 118.489 -0.250634 -0.952679 0.172003 17.8446 -0.107715 0.204014 0.973024 1.78941
-0.958365 0.241312 -0.152662 117.533 -0.261695 -0.956157 0.131451 17.4727 -0.114248 0.165928 0.979497 1.76684
-0.875729 0.47148 -0.103946 116.674 -0.479564 -0.874351 0.0743548 16.8938 -0.0558285 0.114963 0.9918 1.90621
-0.806172 0.572721 -0.148587 115.914 -0.586458 -0.806743 0.0723327 16.2329 -0.0784452 0.145453 0.98625 1.94157
-0.84146 0.517472 -0.155463 115.119 -0.534486 -0.839343 0.0991387 15.4701 -0.0791857 0.166514 0.982854 1.91063
-0.856179 0.501438 -0.12457 114.378 -0.511864 -0.856017 0.0723109 14.6385 -0.0703742 0.125674 0.989572 1.95722
-0.905616 0.409134 -0.111664 113.53 -0.421634 -0.896928 0.133211 13.9568 -0.0456537 0.167719 0.984777 1.9248
-0.96678 0.217006 -0.135071 112.636 -0.234799 -0.962797 0.133757 13.4002 -0.101019 0.161028 0.981766 1.88526
-0.995183 0.0166379 -0.0966147 111.706 -0.0309286 -0.988449 0.148361 13.0444 -0.0930303 0.150635 0.984203 1.88214
-0.989243 0.0574622 -0.134525 110.66 -0.0834318 -0.977009 0.196196 12.6755 -0.120158 0.205309 0.971293 1.86338
-0.982985 0.120263 -0.138845 109.618 -0.153758 -0.952256 0.263757 12.3927 -0.100496 0.280617 0.954544 1.85591
-0.996207 0.0765871 -0.0413075 108.606 -0.0855201 -0.949386 0.302245 12.1374 -0.0160687 0.304631 0.952335 1.84723
-0.967823 -0.209068 0.140036 107.552 0.241233 -0.929216 0.279937 11.9953 0.0715982 0.304711 0.94975 1.86201
-0.655103 -0.679961 0.329384 106.803 0.750633 -0.635347 0.181342 12.2652 0.0859678 0.366044 0.926618 1.83727
-0.247023 -0.887821 0.38827 106.29 0.966832 -0.252664 0.0373684 12.9366 0.0649254 0.384623 0.920788 1.84893
-0.245825 -0.898131 0.364597 105.895 0.964633 -0.18975 0.182971 13.884 -0.0951492 0.396681 0.913012 1.84984
-0.609372 -0.761972 0.219237 105.226 0.789967 -0.559758 0.250248 14.6246 -0.0679625 0.325684 0.943033 1.81547
-0.792564 -0.594049 0.137654 104.352 0.604935 -0.737535 0.300158 15.2261 -0.0767843 0.321166 0.943905 1.81234
-0.883723 -0.44952 0.130252 103.416 0.464235 -0.806684 0.365714 15.71 -0.0593236 0.383657 0.921568 1.78147
-0.875909 -0.446505 0.182803 102.511 0.481715 -0.788048 0.383317 16.1926 -0.0270954 0.42381 0.905346 1.77351
-0.790047 -0.571941 0.220703 101.593 0.606104 -0.6747 0.421211 16.7883 -0.0919991 0.466545 0.8797 1.75589
-0.666455 -0.67881 0.308309 100.872 0.742446 -0.566608 0.357393 17.4791 -0.0679114 0.467089 0.881599 1.76578
-0.556508 -0.703613 0.441846 100.186 0.830653 -0.482529 0.277815 18.3532 0.0177297 0.521627 0.852989 1.76776
-0.337795 -0.856948 0.389273 99.5945 0.940236 -0.326129 0.0979565 19.2498 0.0430097 0.399098 0.915899 1.85846
-0.253744 -0.829627 0.497327 99.0238 0.965089 -0.251661 0.0725897 20.0857 0.0649355 0.498384 0.864521 2.03022
0.154348 -0.817127 0.55541 98.8822 0.963597 0.000288517 -0.267358 20.9635 0.218306 0.576457 0.787426 2.0768
0.639627 -0.687833 0.343167 99.1434 0.707932 0.35316 -0.611646 21.2646 0.299517 0.634164 0.712829 2.06749
0.965833 -0.258662 -0.0161407 99.2849 0.179642 0.713067 -0.67769 21.1775 0.186802 0.651636 0.73517 2.03075
0.916715 0.200898 -0.34536 99.3239 -0.373323 0.73866 -0.561259 21.1424 0.142348 0.643445 0.75214 2.05952
0.735591 0.502405 -0.454417 99.4635 -0.664485 0.66561 -0.339739 21.0806 0.131778 0.551863 0.823457 2.06534
0.683229 0.726933 -0.0690335 99.5748 -0.728038 0.670877 -0.141013 21.0699 -0.0561941 0.146603 0.987598 2.07512
