0.99896 -0.000939094 0.0455961 2.02806e-44 -1.6263e-19 0.999788 0.0205915 -4.53873e-43 -0.0456058 -0.0205701 0.998748 1.79742e-42
0.931514 0.363693 0.00313788 0.934715 -0.363357 0.930961 -0.0358181 0.078063 -0.015948 0.0322249 0.999353 -0.0237713
0.95628 0.29149 -0.0237129 1.97482 -0.291842 0.956378 -0.0130121 0.271503 0.0188856 0.0193636 0.999634 -0.0329683
0.979395 0.196033 -0.0485543 3.02017 -0.200283 0.973676 -0.10882 0.495136 0.025944 0.116302 0.992875 -0.06019
0.949862 0.291481 -0.113146 4.04876 -0.311237 0.916041 -0.252983 0.65458 0.0299068 0.275514 0.960832 -0.0507677
0.62683 0.727683 -0.278498 4.89922 -0.77856 0.598955 -0.187344 0.625515 0.0304805 0.33426 0.941988 -0.0636063
0.0812458 0.927604 -0.364623 5.0573 -0.996681 0.0737395 -0.034488 0.571314 -0.0051041 0.366215 0.930516 -0.0512969
-0.430841 0.835771 -0.340387 5.04728 -0.895231 -0.348294 0.277944 0.533264 0.113742 0.424475 0.898267 -0.0703527
-0.856282 0.502216 -0.120667 5.14079 -0.50134 -0.751933 0.428082 0.499465 0.124256 0.427054 0.895648 -0.0465918
-0.982291 0.0392701 0.183202 5.27244 0.0596217 -0.861448 0.504334 0.569543 0.177624 0.506326 0.843851 -0.0451695
-0.814143 -0.36979 0.44769 5.33197 0.538108 -0.770201 0.342389 0.65692 0.218199 0.51966 0.826041 -0.0528197
-0.443764 -0.733546 0.514766 5.54077 0.877114 -0.473283 0.0817004 0.562919 0.183699 0.487764 0.853429 -0.0425073
0.112572 -0.818647 0.563156 6.05989 0.979161 -0.00501671 -0.203023 0.576892 0.169029 0.574276 0.801022 -0.0745627
0.657991 -0.672567 0.338677 6.45547 0.746161 0.521738 -0.413562 0.62443 0.101447 0.524827 0.845142 -0.10201
0.959011 -0.267077 0.0946939 6.78157 0.279271 0.834192 -0.475533 0.687323 0.0480112 0.482487 0.874586 -0.0943974
0.976373 0.176129 -0.125194 7.60582 -0.208874 0.91771 -0.337906 0.817078 0.0553766 0.356072 0.932816 -0.0720654
0.960604 0.250597 -0.120169 8.68688 -0.269135 0.94664 -0.17731 1.00935 0.0693229 0.202667 0.976791 -0.0661973
0.928351 0.371705 -0.000251227 9.719 -0.367792 0.91848 -0.145341 1.04386 -0.0537931 0.135019 0.989382 -0.0675495
0.826444 0.56299 0.00578342 10.7613 -0.55733 0.819506 -0.133391 0.907618 -0.0798374 0.107017 0.991047 -0.135822
0.836706 0.544902 0.0548096 11.7774 -0.534652 0.83442 -0.133756 0.796177 -0.118618 0.0826104 0.989497 -0.109434
0.936444 0.349681 -0.0282135 12.8645 -0.350811 0.933868 -0.06944 0.781477 0.0020658 0.0749242 0.997187 -0.130785
0.933227 0.358402 -0.025193 13.8621 -0.359106 0.928238 -0.0970461 0.814204 -0.0113964 0.099613 0.994961 -0.104788
0.932502 0.360693 0.0184326 14.8738 -0.357676 0.929369 -0.0913285 0.900972 -0.0500723 0.0785712 0.99565 -0.145747
0.930396 0.364502 0.0387489 15.9419 -0.358511 0.926903 -0.111003 0.994125 -0.0763772 0.0893846 0.993064 -0.12822
0.950484 0.301573 0.075063 16.9644 -0.291688 0.949037 -0.11936 1.10451 -0.107233 0.0915544 0.99001 -0.148783
0.979658 0.194718 0.0485336 17.9876 -0.184815 0.969682 -0.159874 1.26407 -0.0781925 0.147652 0.985944 -0.181251
0.929514 0.341202 0.139946 19.0732 -0.321808 0.935777 -0.144085 1.41277 -0.180121 0.0888932 0.97962 -0.169053
0.951796 0.306662 -0.00651224 20.0533 -0.306145 0.94845 -0.0819572 1.60888 -0.0189566 0.0800003 0.996615 -0.127953
0.977791 0.209214 -0.0124538 21.0297 -0.208881 0.977652 0.0237726 1.79249 0.0171491 -0.0206433 0.99964 -0.124419
0.93105 0.360494 -0.0564739 22.0897 -0.330913 0.899396 0.285628 2.08822 0.15376 -0.247246 0.956675 -0.125028
0.956591 -0.117686 -0.266617 22.6905 0.195652 0.937362 0.288222 2.5573 0.215997 -0.327875 0.919698 -0.0936154
0.667059 -0.629975 -0.397699 22.8958 0.697729 0.715402 0.0370656 2.90354 0.261165 -0.302211 0.916767 -0.0993189
0.0747637 -0.911456 -0.404546 22.9074 0.957208 0.179332 -0.227141 3.09449 0.279577 -0.370253 0.885861 -0.0808293
-0.469505 -0.85856 -0.206009 22.8462 0.843388 -0.367057 -0.392386 3.07835 0.26127 -0.357973 0.896434 -0.110371
-0.868546 -0.495578 -0.00551699 22.865 0.438222 -0.76273 -0.47561 2.95147 0.231494 -0.415507 0.879639 -0.0886171
-0.965727 0.0134038 0.259215 22.9197 -0.124382 -0.900431 -0.416837 2.85555 0.227818 -0.434792 0.871237 -0.0806946
-0.718373 0.499286 0.484411 23.1518 -0.642286 -0.743517 -0.18615 2.68347 0.267226 -0.444856 0.854806 -0.0572859
-0.229615 0.841939 0.488279 23.6122 -0.945416 -0.312129 0.0936188 2.5148 0.231227 -0.44013 0.867652 -0.0771807
0.30817 0.86977 0.385398 24.2148 -0.930185 0.190546 0.313765 2.23717 0.199467 -0.455184 0.867767 -0.140115
0.624201 0.772594 0.116069 25.1353 -0.776968 0.598323 0.19578 1.87897 0.0818112 -0.212388 0.973755 -0.151711
0.629147 0.776428 0.0365317 26.0342 -0.777188 0.629119 0.0136947 1.4479 -0.0123498 -0.037008 0.999239 -0.167481
0.586154 0.807955 0.0602588 26.9423 -0.798158 0.588619 -0.12834 0.991455 -0.139162 0.0271308 0.989898 -0.187806
0.567467 0.822759 0.0323879 27.9055 -0.777096 0.548148 -0.309283 0.572292 -0.272219 0.15034 0.950418 -0.198889
0.55404 0.831365 -0.0432661 28.9078 -0.825975 0.542472 -0.153263 0.260162 -0.103947 0.120651 0.987238 -0.207952
0.467542 0.883003 0.0413655 29.8811 -0.842104 0.459141 -0.282932 -0.168078 -0.268822 0.0974484 0.958248 -0.212299
0.304719 0.951485 0.0426878 30.8074 -0.926468 0.306507 -0.218427 -0.56677 -0.220914 0.02701 0.974919 -0.219519
0.214938 0.972801 -0.086375 31.7061 -0.929109 0.176427 -0.325007 -1.02752 -0.300929 0.150108 0.941759 -0.299803
0.0125633 0.994701 -0.102043 32.6614 -0.928464 -0.0262809 -0.370492 -1.52117 -0.371211 0.0993979 0.923213 -0.293944
0.41197 0.910974 0.0201536 33.7534 -0.869625 0.399683 -0.289836 -1.84131 -0.272088 0.101878 0.956864 -0.304365
0.742767 0.649216 0.163756 34.8283 -0.645632 0.759268 -0.0816738 -1.93314 -0.177359 -0.0450616 0.983114 -0.254448
0.849859 0.467157 0.243936 35.8564 -0.515191 0.833921 0.197872 -1.9214 -0.110986 -0.293837 0.94939 -0.298493
0.948577 0.271301 0.163086 36.9484 -0.310459 0.89791 0.312046 -1.79318 -0.0617779 -0.346631 0.935965 -0.239756
0.968609 0.229511 0.0955015 37.9541 -0.248032 0.917967 0.309544 -1.45728 -0.0166235 -0.323514 0.946077 -0.234455
0.970552 0.17906 0.161142 38.9555 -0.216638 0.94132 0.258814 -0.945444 -0.105343 -0.286102 0.952391 -0.23683
0.9954 0.00109913 0.0957994 39.7934 -0.0171861 0.985763 0.167261 -0.307065 -0.0942516 -0.168138 0.981247 -0.17561
0.99404 -0.0485058 0.0976349 40.6834 0.0519653 0.998097 -0.0332059 0.286317 -0.0958384 0.0380816 0.994668 -0.230157
0.981867 0.143588 0.123771 41.6656 -0.134509 0.987768 -0.0788753 0.604988 -0.133583 0.0607968 0.989171 -0.189215
0.976942 0.213101 -0.0131554 42.778 -0.212889 0.967582 -0.135883 0.713135 -0.0162278 0.13555 0.990638 -0.0820954
0.992392 0.112985 0.0489109 43.8629 -0.107794 0.989311 -0.0982062 0.773443 -0.0594839 0.0921867 0.993963 -0.0419681
0.99707 0.0672739 0.0364113 44.8612 -0.0620623 0.989691 -0.129077 0.898349 -0.0447194 0.126439 0.990966 -0.0798323
0.993187 0.0856432 0.0790291 45.8459 -0.0668741 0.974244 -0.21535 1.10694 -0.0954369 0.208598 0.973334 -0.0849896
0.997034 0.0485116 0.0597544 46.8397 -0.0440278 0.996271 -0.0741943 1.21492 -0.0631309 0.0713433 0.995452 -0.060278
0.979238 -0.184212 0.0846107 47.7996 0.188444 0.98105 -0.0450402 1.47842 -0.0747104 0.0600495 0.995396 -0.00712199
0.976782 -0.210548 0.0395688 48.7791 0.21326 0.973207 -0.0859521 1.82937 -0.0204116 0.0923949 0.995513 0.0720099
0.99763 -0.0620574 -0.0297185 49.8001 0.0588548 0.993381 -0.0986397 2.10229 0.0356431 0.0966569 0.994679 0.0988146
0.998553 0.053759 0.00102736 50.8892 -0.0531681 0.990065 -0.130171 2.32686 -0.00801501 0.129928 0.991491 0.122097
0.999293 0.0141708 0.0348239 51.862 -0.00871691 0.988335 -0.152043 2.54433 -0.0365723 0.151632 0.98776 0.13335
0.988553 0.115665 0.0968782 52.9227 -0.0958498 0.977328 -0.188791 2.60037 -0.116518 0.177344 0.977227 0.136962
0.963183 0.265169 -0.044325 53.9519 -0.268323 0.958443 -0.0969043 2.61632 0.016787 0.10523 0.994306 0.125557
0.955414 0.293427 0.0329385 55.0478 -0.287246 0.949478 -0.12642 2.64211 -0.0683695 0.111322 0.99143 0.129526
0.982853 0.184343 0.00414179 56.0385 -0.182816 0.977146 -0.108466 2.73773 -0.024042 0.105849 0.994092 0.0859121
0.991451 0.13046 0.0023371 57.0894 -0.12799 0.975853 -0.177002 2.87616 -0.0253723 0.175189 0.984208 0.101216
0.971214 0.234878 -0.0397043 58.1239 -0.238156 0.960986 -0.140667 3.01875 0.00511571 0.146073 0.989261 0.0842448
0.964506 0.257868 0.0568482 59.1822 -0.241103 0.947801 -0.208669 3.22983 -0.10769 0.187557 0.976333 0.0809955
0.995856 0.0777043 0.0472429 60.2814 -0.0699307 0.986452 -0.148396 3.47861 -0.0581339 0.144477 0.987799 0.084825
0.998069 -0.0134245 0.060643 61.3279 0.0171604 0.997959 -0.0615105 3.81973 -0.0596935 0.0624324 0.996262 0.0969078
0.994596 0.0374871 0.096819 62.3749 -0.0284006 0.995207 -0.0935791 4.12698 -0.0998629 0.0903236 0.990893 0.0374929
0.995914 -0.0108349 0.0896498 63.3599 0.0153444 0.998643 -0.0497663 4.43015 -0.088989 0.0509386 0.994729 0.0683561
0.981172 -0.157364 0.111977 64.3327 0.162106 0.986169 -0.0345257 4.82776 -0.104995 0.0520278 0.993111 0.137863
0.943417 -0.311995 0.112352 65.1782 0.31363 0.94954 0.00326991 5.35941 -0.107703 0.032152 0.993663 0.199584
0.902806 -0.424703 0.0675949 66.0087 0.422197 0.905204 0.0485395 5.98263 -0.0818021 -0.0152834 0.996531 0.336201
0.853134 -0.504753 0.131861 66.8245 0.507492 0.861535 0.01444 6.72975 -0.120892 0.0545993 0.991163 0.4636
0.816282 -0.571585 0.0835117 67.4486 0.568014 0.820529 0.0639687 7.50599 -0.105087 -0.00478075 0.994452 0.611907
0.763394 -0.637711 0.102738 68.0768 0.640064 0.76822 0.0124705 8.43436 -0.086878 0.0562391 0.99463 0.785093
0.639959 -0.766725 0.0508405 68.51 0.76414 0.641974 0.0629243 9.35712 -0.0808839 -0.00141973 0.996723 0.890344
0.713893 -0.700248 -0.00315384 68.9503 0.699954 0.713711 -0.0260959 10.3944 0.0205245 0.0164221 0.999654 1.03029
0.669313 -0.742933 -0.00833704 69.2551 0.739821 0.665391 0.0995987 11.3534 -0.0684478 -0.0728306 0.994993 1.16942
0.553109 -0.830905 -0.06056 69.5503 0.833102 0.551923 0.0363558 12.3199 0.00321625 -0.0705614 0.997502 1.2778
0.42571 -0.904839 0.00619495 69.7316 0.899482 0.423915 0.105966 13.43 -0.0985079 -0.0395384 0.99435 1.34776
0.441779 -0.897116 0.00391751 69.8939 0.89205 0.43974 0.104288 14.5218 -0.0952812 -0.0425777 0.994539 1.50667
0.139517 -0.9718 0.190102 69.978 0.988765 0.147123 0.0264289 15.5175 -0.053652 0.184279 0.981409 1.5483
0.297769 -0.951013 0.0831171 70.1234 0.949631 0.303988 0.0761078 16.5321 -0.097646 0.0562681 0.993629 1.67729
0.301783 -0.938889 0.165574 70.3064 0.949446 0.311727 0.0371431 17.6051 -0.0864869 0.145994 0.985498 1.74329
0.345536 -0.902156 0.2583 70.5739 0.923643 0.375594 0.0762382 18.6579 -0.165795 0.212234 0.963052 1.83894
0.57407 -0.798649 0.180561 71.0218 0.815208 0.578128 -0.034701 19.6098 -0.0766734 0.167116 0.982951 1.89239
0.744973 -0.593902 0.303801 71.6137 0.633788 0.772224 -0.0445326 20.4308 -0.208154 0.225721 0.951694 1.90255
0.891957 -0.398708 0.213178 72.3784 0.426897 0.897986 -0.106672 21.1176 -0.148899 0.186152 0.971173 1.92652
0.859416 -0.370634 0.352186 73.1763 0.421866 0.903217 -0.0789216 21.7503 -0.288849 0.216402 0.932597 1.97406
0.839126 -0.378707 0.390447 74.0283 0.45358 0.883369 -0.117999 22.3001 -0.300222 0.276115 0.913032 1.99101
0.8681 -0.252061 0.427631 75.0161 0.361371 0.911523 -0.196308 22.7406 -0.340314 0.324948 0.88238 2.02435
0.942096 -0.125746 0.310875 75.9776 0.19098 0.963196 -0.189155 23.0388 -0.275648 0.237573 0.931438 2.06481
0.938418 0.118982 0.32437 77.0622 -0.0503782 0.97592 -0.212229 23.2338 -0.34181 0.182819 0.921815 2.09331
0.935685 0.222404 0.273918 78.1556 -0.183417 0.969784 -0.160864 23.2878 -0.301418 0.100276 0.948205 2.08351
0.92452 0.28788 0.249778 79.2257 -0.229028 0.943457 -0.239657 23.1746 -0.304647 0.164362 0.938177 2.10444
0.93291 0.280819 0.225432 80.2288 -0.217723 0.93848 -0.268052 23.0066 -0.286838 0.200987 0.936658 2.06071
0.900809 0.369087 0.228731 81.2104 -0.302041 0.911064 -0.280597 22.8091 -0.311953 0.183678 0.932174 2.09013
0.94277 0.26103 0.207479 82.2202 -0.189814 0.931703 -0.309677 22.6141 -0.274144 0.252572 0.927929 2.04985
0.941204 0.182533 0.284282 83.2277 -0.0781519 0.936287 -0.34243 22.3688 -0.328674 0.30008 0.895503 2.03068
0.949006 0.219866 0.225937 84.2174 -0.122011 0.916968 -0.379845 22.1623 -0.290692 0.332908 0.897034 2.00567
0.884077 0.458383 0.091067 85.2239 -0.370525 0.806246 -0.46117 21.903 -0.284815 0.373967 0.882626 2.01062
0.610477 0.751421 -0.250368 85.679 -0.770512 0.490246 -0.407394 21.5971 -0.183383 0.441616 0.878263 2.00235
0.0652574 0.898246 -0.434621 85.8104 -0.986337 -0.0079607 -0.164549 21.4251 -0.151265 0.439421 0.885454 1.99792
-0.474529 0.773503 -0.420138 85.8909 -0.87459 -0.468302 0.125637 21.3126 -0.0995707 0.427067 0.898721 1.98937
-0.870993 0.447575 -0.202602 86.0281 -0.491141 -0.782932 0.381834 21.2356 0.0122758 0.432081 0.901751 2.01267
-0.996577 0.00586471 0.0824633 86.2589 0.0366258 -0.862929 0.503997 21.2654 0.0741158 0.505292 0.85976 2.02206
-0.811776 -0.442833 0.380683 86.544 0.573746 -0.726252 0.378648 21.4466 0.108794 0.525792 0.843627 2.02398
-0.382671 -0.720038 0.578886 86.9411 0.915222 -0.381045 0.131048 21.5749 0.126222 0.579957 0.804809 2.04586
0.159813 -0.789519 0.592553 87.2425 0.973995 0.0284552 -0.224776 21.4262 0.160603 0.613066 0.773535 2.06182
0.668903 -0.649333 0.36185 87.4729 0.733766 0.498856 -0.461227 21.094 0.118979 0.574029 0.810145 2.06279
0.94587 -0.275033 0.172301 87.749 0.323731 0.837176 -0.440834 20.7944 -0.0230027 0.472751 0.880896 2.03201
0.964787 -0.22181 0.141372 88.1086 0.208762 0.972691 0.101444 20.7858 -0.160012 -0.0683593 0.984745 2.03169
0.772891 -0.629264 -0.0816489 88.5887 0.615263 0.711707 0.339004 21.3518 -0.155213 -0.312249 0.937235 2.02058
0.383089 -0.859786 -0.337655 88.6091 0.91796 0.313629 0.242872 21.6703 -0.102919 -0.402995 0.909397 2.03617
-0.261307 -0.857989 -0.442237 88.3407 0.963626 -0.258492 -0.0678799 21.7966 -0.0560745 -0.443888 0.894326 2.02652
-0.780009 -0.520356 -0.347586 88.1591 0.621579 -0.708441 -0.334293 21.738 -0.0722928 -0.476804 0.876032 2.03455
-0.987702 0.0321553 -0.153008 88.0906 0.0482867 -0.868049 -0.494125 21.4648 -0.148707 -0.495437 0.85582 2.02125
-0.859831 0.508356 0.0475909 88.0044 -0.460093 -0.731026 -0.5039 20.6933 -0.22137 -0.455165 0.86245 1.9534
-0.503271 0.820608 0.270778 87.9423 -0.845762 -0.403503 -0.349102 19.9037 -0.177216 -0.404707 0.89711 1.91449
-0.162971 0.986165 0.0303081 88.0143 -0.965215 -0.152992 -0.212022 18.9092 -0.204452 -0.0638072 0.976795 1.84149
-0.123942 0.992197 -0.0135431 88.0535 -0.965877 -0.123759 -0.22752 17.8387 -0.227421 -0.0151183 0.973679 1.73469
-0.155994 0.986577 -0.0482915 88.2444 -0.961039 -0.162887 -0.223318 16.7813 -0.228187 0.0115738 0.973549 1.68617
-0.0672441 0.993193 -0.0951066 88.4381 -0.977036 -0.0848656 -0.195444 15.7733 -0.202185 0.0797801 0.976092 1.62
-0.0811572 0.983239 -0.163262 88.5062 -0.957708 -0.122298 -0.26046 14.7544 -0.276061 0.135219 0.951581 1.53559
-0.170023 0.970285 -0.172161 88.5574 -0.968526 -0.196764 -0.152449 13.7181 -0.181794 0.140823 0.973201 1.48743
-0.0668566 0.962613 -0.262501 88.66 -0.964363 -0.129844 -0.230532 12.641 -0.255998 0.237734 0.936989 1.46392
-0.0610876 0.971166 -0.230446 88.7055 -0.982289 -0.099467 -0.158793 11.5315 -0.177136 0.216664 0.960041 1.38994
-0.140656 0.941766 -0.30544 88.6044 -0.959097 -0.20616 -0.193988 10.4032 -0.245661 0.265661 0.932242 1.32801
-0.200993 0.921728 -0.331691 88.4525 -0.946699 -0.269778 -0.176016 9.30327 -0.251722 0.278634 0.926822 1.2226
-0.233622 0.929951 -0.283923 88.3526 -0.935423 -0.294645 -0.195368 8.22546 -0.265339 0.219946 0.938733 1.21055
-0.107833 0.957526 -0.267423 88.3166 -0.963637 -0.166821 -0.208747 7.23101 -0.244492 0.235189 0.940696 1.13227
-0.10071 0.954176 -0.281791 88.2866 -0.976633 -0.14886 -0.155014 6.12195 -0.189858 0.259595 0.946871 1.13706
-0.148585 0.949267 -0.277155 88.302 -0.9677 -0.197293 -0.156946 5.08083 -0.203665 0.244883 0.94792 1.03942
-0.0458294 0.972216 -0.229555 88.3802 -0.970173 -0.0980767 -0.221687 3.96362 -0.238041 0.212549 0.947713 1.05253
-0.0111127 0.972313 -0.233419 88.3956 -0.975106 -0.0622365 -0.212825 2.87832 -0.221459 0.225243 0.9488 0.95605
-0.038989 0.964344 -0.261764 88.4533 -0.96597 -0.103409 -0.237084 1.80633 -0.255699 0.243612 0.935559 0.9134
-0.114667 0.968427 -0.221363 88.5363 -0.970843 -0.156465 -0.18161 0.71178 -0.210512 0.194084 0.958132 0.826964
-0.146649 0.951954 -0.268844 88.6276 -0.962204 -0.200327 -0.184478 -0.29911 -0.229472 0.231629 0.945352 0.81115
-0.077973 0.945084 -0.31739 88.7011 -0.957079 -0.160098 -0.241595 -1.29493 -0.279142 0.284929 0.917003 0.738243
-0.0777965 0.924052 -0.374266 88.8226 -0.981845 -0.136153 -0.132068 -2.40329 -0.172996 0.357196 0.917869 0.695289
-0.0046366 0.91832 -0.395811 88.9467 -0.94955 -0.128165 -0.286232 -3.40585 -0.313581 0.374515 0.872585 0.619073
-0.00220729 0.928546 -0.371212 89.0663 -0.957926 -0.108504 -0.265716 -4.42745 -0.287008 0.355007 0.889717 0.563301
-0.0175318 0.930153 -0.366753 89.2225 -0.969631 -0.105311 -0.220738 -5.56214 -0.243943 0.351745 0.903752 0.513905
-0.0999044 0.936472 -0.336212 89.3238 -0.944232 -0.195784 -0.264754 -6.59296 -0.313759 0.291012 0.903807 0.484106
-0.0116251 0.962064 -0.272577 89.4934 -0.977962 -0.067768 -0.197479 -7.70554 -0.208459 0.264274 0.941649 0.467436
-0.0203826 0.940051 -0.340425 89.6553 -0.964292 -0.108412 -0.241635 -8.74918 -0.264055 0.323344 0.908693 0.409657
-0.0549168 0.922813 -0.381313 89.8155 -0.939606 -0.176967 -0.292955 -9.79755 -0.337823 0.342196 0.8768 0.411644
0.0165949 0.918773 -0.394437 89.9607 -0.958159 -0.0981306 -0.26889 -10.8285 -0.285756 0.382395 0.878702 0.341032
-0.14511 0.962008 -0.231267 90.104 -0.958516 -0.194642 -0.208234 -11.9608 -0.245337 0.191456 0.950344 0.329399
-0.23093 0.949303 -0.213294 90.267 -0.963041 -0.254253 -0.0889274 -12.9763 -0.13865 0.184874 0.972933 0.314466
-0.184627 0.967226 -0.174317 90.4792 -0.960666 -0.215044 -0.175721 -14.0395 -0.207447 0.135018 0.968884 0.249276
-0.0669579 0.980463 -0.184958 90.6211 -0.980731 -0.0987729 -0.168554 -15.1552 -0.18353 0.170108 0.968184 0.192577
-0.18932 0.957404 -0.218026 90.7344 -0.959984 -0.227138 -0.163827 -16.2438 -0.20637 0.178285 0.962094 0.106398
-0.163867 0.972963 -0.162757 90.9092 -0.953899 -0.198337 -0.225255 -17.2271 -0.251446 0.118342 0.960609 0.124652
-0.103902 0.987886 -0.115264 91.1112 -0.974314 -0.124378 -0.187729 -18.2209 -0.199791 0.0927979 0.975434 0.0871375
0.0103873 0.986501 -0.163427 91.3262 -0.95784 -0.0371112 -0.284895 -19.3239 -0.287114 0.159497 0.944524 0.075046
0.080072 0.993943 -0.0752697 91.5327 -0.960413 0.0567163 -0.272745 -20.3068 -0.266824 0.0941292 0.959137 0.14411
0.128365 0.987484 -0.091641 91.6846 -0.961948 0.101504 -0.253678 -21.3215 -0.241201 0.120717 0.962938 0.0873044
0.0699889 0.980945 -0.181241 91.7693 -0.976473 0.030221 -0.213512 -22.3562 -0.203966 0.191921 0.959981 0.0706295
-0.105853 0.930525 -0.350597 91.6314 -0.965214 -0.180919 -0.188759 -23.4501 -0.239075 0.318421 0.917307 -0.03711
-0.460688 0.86507 -0.198547 91.2499 -0.847698 -0.495135 -0.190394 -24.3634 -0.263012 0.0805955 0.96142 -0.0196631
-0.601779 0.792711 -0.0973263 90.6774 -0.776951 -0.609277 -0.15852 -25.2039 -0.184959 -0.0197759 0.982547 -0.0822286
-0.597959 0.792486 -0.12005 90.1114 -0.787103 -0.608861 -0.0987796 -26.0454 -0.151375 0.0354254 0.987841 -0.056841
-0.65047 0.755167 -0.0813113 89.5687 -0.745301 -0.655241 -0.123232 -26.9153 -0.146339 -0.0195572 0.989041 -0.119531
-0.621349 0.777713 -0.0953351 89.0451 -0.763456 -0.628296 -0.149595 -27.8889 -0.176241 -0.0201667 0.98414 -0.121633
-0.517536 0.848648 -0.109332 88.5011 -0.836886 -0.528651 -0.141949 -28.8114 -0.178264 0.0180345 0.983817 -0.17453
-0.550631 0.830226 -0.0867785 87.9909 -0.824913 -0.557106 -0.09566 -29.763 -0.127764 0.0189114 0.991624 -0.18138
-0.5728 0.807132 -0.142962 87.5168 -0.786961 -0.590292 -0.179577 -30.6636 -0.229332 0.00964334 0.973301 -0.210935
-0.546886 0.83179 -0.0950879 86.9621 -0.813893 -0.554833 -0.172447 -31.602 -0.196198 -0.0169177 0.980418 -0.249493
-0.554902 0.819147 -0.145197 86.3882 -0.806399 -0.572522 -0.148121 -32.4456 -0.204461 0.0348934 0.978253 -0.246942
-0.612318 0.788308 -0.0603083 85.8217 -0.784681 -0.61528 -0.0755387 -33.4048 -0.0966542 0.00106909 0.995317 -0.28753
-0.677711 0.731517 -0.074765 85.3685 -0.721307 -0.681104 -0.125749 -34.2935 -0.14291 -0.0312929 0.989241 -0.298206
-0.658788 0.748271 -0.0780329 84.7995 -0.737225 -0.662759 -0.131338 -35.243 -0.149993 -0.0289958 0.988262 -0.364592
-0.64258 0.758696 -0.107107 84.2159 -0.745872 -0.651374 -0.139237 -36.0994 -0.175406 -0.00958287 0.98445 -0.410686
-0.374667 0.926137 -0.0435366 83.7781 -0.927013 -0.373359 0.0353539 -36.9579 0.0164878 0.0536049 0.998426 -0.380828
-0.140944 0.866402 -0.479044 83.785 -0.976011 -0.0404949 0.213921 -37.0799 0.165943 0.497703 0.851325 -0.378665
-0.26415 0.480193 -0.836445 83.7134 -0.920656 0.132917 0.36705 -37.0661 0.287432 0.867034 0.406982 -0.417221
-0.639297 0.579957 -0.504924 83.4917 -0.731937 -0.257656 0.630778 -36.985 0.235728 0.772828 0.589211 -0.41882
-0.83929 0.540836 -0.0555795 83.3634 -0.402357 -0.549115 0.732517 -37.1734 0.365652 0.637157 0.678476 -0.35168
-0.867716 0.31103 0.387723 83.2407 -0.00641287 -0.786973 0.616954 -37.4893 0.497019 0.532854 0.684864 -0.353039
-0.721729 -0.155182 0.674556 83.3421 0.446729 -0.848833 0.282694 -37.632 0.528716 0.505372 0.681952 -0.359928
-0.446044 -0.532926 0.719051 83.5235 0.714236 -0.696103 -0.0728609 -37.8514 0.539363 0.481072 0.691127 -0.380099
0.0558161 -0.772857 0.632121 83.6596 0.842157 -0.303646 -0.445612 -38.2667 0.536336 0.557218 0.633918 -0.399404
0.421907 -0.836018 0.350811 83.5612 0.7097 0.0637466 -0.701614 -38.5375 0.564199 0.544986 0.620217 -0.37552
0.718428 -0.69456 -0.0380434 83.3752 0.413585 0.470492 -0.779477 -38.893 0.559293 0.544264 0.625274 -0.375012
0.86796 -0.302058 -0.394216 83.0394 -0.0709096 0.710269 -0.70035 -39.1921 0.491546 0.63583 0.595066 -0.446195
0.682467 0.151082 -0.715131 82.8267 -0.555256 0.743428 -0.372835 -39.2758 0.47532 0.651528 0.591255 -0.455781
0.362423 0.525732 -0.769581 82.5974 -0.821364 0.570397 0.00285214 -39.3347 0.440466 0.631072 0.638543 -0.460029
0.000658589 0.858764 -0.51237 82.3423 -0.964325 0.136179 0.227006 -39.4859 0.264719 0.493942 0.828218 -0.463273
-0.386117 0.920917 -0.0531625 82.1683 -0.861533 -0.339423 0.377562 -39.5855 0.329659 0.191585 0.924457 -0.440704
-0.630262 0.769333 0.104386 81.9851 -0.51291 -0.51353 0.687903 -39.7102 0.582832 0.380018 0.718257 -0.387102
-0.632088 0.747323 0.204872 81.638 -0.109803 -0.348099 0.931005 -39.8207 0.767078 0.565982 0.302087 -0.412488
-0.685022 0.713525 0.147061 81.3769 0.237678 0.0280682 0.970938 -40.1422 0.688661 0.700067 -0.188817 -0.516075
-0.852282 0.474414 -0.220334 81.0761 0.134719 0.606093 0.783902 -40.4218 0.505437 0.638422 -0.580475 -0.610133
-0.88867 -0.0304893 -0.457533 80.9123 -0.272497 0.837606 0.473456 -40.764 0.368797 0.545423 -0.752664 -0.676984
-0.728852 -0.537099 -0.424617 80.8319 -0.648331 0.740772 0.175851 -41.2065 0.220095 0.403462 -0.888131 -0.747292
-0.300935 -0.840596 -0.450373 80.8699 -0.920276 0.379815 -0.0939855 -41.5201 0.250062 0.386184 -0.88788 -0.797711
0.1879 -0.925267 -0.329505 80.9958 -0.939174 -0.0710658 -0.336008 -41.7274 0.287481 0.372599 -0.882341 -0.807311
0.651077 -0.750986 -0.110084 81.2287 -0.691153 -0.526657 -0.494914 -41.739 0.313697 0.398312 -0.861941 -0.81022
0.936184 -0.298907 0.18497 81.4809 -0.175743 -0.853742 -0.490143 -41.5148 0.304423 0.426357 -0.85179 -0.804953
0.866826 0.157245 0.473167 81.6136 0.337253 -0.883865 -0.324105 -41.1932 0.367252 0.440519 -0.819188 -0.802972
0.574405 0.610755 0.54501 81.6126 0.745242 -0.665622 -0.0395206 -40.88 0.338633 0.428866 -0.837497 -0.811063
0.121535 0.852507 0.50839 81.5594 0.927854 -0.279513 0.246898 -40.6486 0.352585 0.441705 -0.824973 -0.783012
-0.422421 0.859941 0.286463 81.4321 0.832286 0.242834 0.498328 -40.5126 0.35897 0.448924 -0.818296 -0.791505
-0.788239 0.614725 -0.0281501 81.1877 0.409143 0.5577 0.7222 -40.5977 0.459654 0.557749 -0.691111 -0.75653
-0.855689 0.427278 -0.291941 80.9613 -0.0731051 0.458681 0.885589 -40.8286 0.5123 0.779131 -0.361252 -0.693039
-0.842529 0.368474 -0.392903 80.8218 -0.382284 0.104839 0.918078 -40.9862 0.379479 0.923708 0.0525319 -0.650131
-0.648927 0.491637 -0.580677 80.6351 -0.731109 -0.191628 0.654796 -41.0559 0.210648 0.849453 0.483794 -0.603257
-0.451285 0.822542 -0.346074 80.6501 -0.877848 -0.339491 0.33783 -41.1176 0.16039 0.456258 0.875274 -0.567371
-0.0715805 0.991882 -0.105102 80.8601 -0.990112 -0.057914 0.127768 -41.2371 0.120644 0.113209 0.986219 -0.538583
0.286261 0.909072 0.302726 81.301 -0.957924 0.278414 0.069759 -41.3952 -0.0208671 -0.309958 0.950521 -0.495354
0.368549 0.490079 0.789933 81.6425 -0.928476 0.235982 0.286783 -41.4883 -0.0458634 -0.839128 0.541997 -0.580057
0.325861 0.0107186 0.945357 81.8734 -0.940871 -0.0942775 0.325383 -41.773 0.0926135 -0.995488 -0.0206366 -0.716391
-0.0572315 -0.418979 0.90619 81.8612 -0.987628 -0.108975 -0.11276 -42.0061 0.145996 -0.901433 -0.407559 -0.79004
-0.514483 -0.50985 0.689464 81.8146 -0.848401 0.185833 -0.495662 -42.1807 0.124588 -0.839952 -0.528165 -0.790444
-0.876458 -0.386559 0.287043 81.6615 -0.443171 0.414648 -0.794775 -42.3688 0.188205 -0.823796 -0.534733 -0.838018
-0.973605 -0.168897 -0.153516 81.6258 0.0205617 0.604967 -0.795985 -42.3688 0.227312 -0.778131 -0.585526 -0.803771
-0.835012 0.201985 -0.511818 81.7463 0.516772 0.607308 -0.603426 -42.3279 0.188948 -0.768361 -0.61149 -0.798335
-0.467354 0.438423 -0.767701 82.0566 0.860522 0.424683 -0.28133 -42.2324 0.202688 -0.792105 -0.57575 -0.773409
0.0295604 0.606437 -0.794582 82.5109 0.959388 0.20589 0.19283 -42.16 0.280536 -0.768012 -0.575723 -0.763827
0.592768 0.559509 -0.579289 82.9353 0.763136 -0.160337 0.626031 -42.1885 0.257388 -0.813168 -0.522025 -0.781647
0.882046 0.449222 -0.142108 83.2887 0.33764 -0.39228 0.855638 -42.2898 0.328626 -0.802693 -0.497684 -0.739184
0.933272 0.197775 0.299814 83.6049 -0.162212 -0.512667 0.843125 -42.4482 0.320454 -0.835499 -0.446376 -0.747142
0.708967 0.0143031 0.705097 83.8498 -0.633271 -0.427097 0.645411 -42.7235 0.310376 -0.904093 -0.29374 -0.75152
0.187289 -0.22028 0.957288 83.9761 -0.939521 -0.324647 0.109109 -42.9846 0.286746 -0.919827 -0.26776 -0.778413
-0.423326 0.0177792 0.905803 83.9745 -0.883014 -0.231772 -0.408127 -43.2013 0.202683 -0.972608 0.113814 -0.725095
-0.587176 0.461849 0.66477 83.9706 -0.809175 -0.35669 -0.466914 -43.3391 0.021473 -0.812076 0.583157 -0.697094
-0.463127 0.840299 0.2818 84.0976 -0.884291 -0.416748 -0.210598 -43.5044 -0.0595254 -0.346727 0.936075 -0.675272
-0.0551301 0.996543 0.0621503 84.4881 -0.998025 -0.0531217 -0.0335185 -43.7619 -0.0301011 -0.0638754 0.997504 -0.635694
0.487092 0.871954 -0.0493816 85.1222 -0.870921 0.480745 -0.101891 -44.1488 -0.065104 0.0926375 0.993569 -0.707835
0.741416 0.669115 0.050864 86.0207 -0.656453 0.738928 -0.151839 -44.6337 -0.139182 0.0791859 0.987096 -0.695068
0.790364 0.61256 -0.00974379 86.8963 -0.609828 0.785118 -0.108161 -45.2203 -0.0586051 0.0914286 0.994086 -0.736891
0.859991 0.457441 0.226194 87.7676 -0.39661 0.878054 -0.267807 -45.7506 -0.321116 0.140601 0.936545 -0.739235
0.948586 0.28252 0.14271 88.7494 -0.25682 0.95054 -0.174695 -46.0928 -0.185006 0.129062 0.974226 -0.69346
0.854193 0.446985 0.265628 89.7569 -0.385604 0.887281 -0.253063 -46.4776 -0.348802 0.113738 0.930269 -0.69619
0.814633 0.491399 0.308059 90.8006 -0.46082 0.87093 -0.170666 -46.8379 -0.352163 -0.00292897 0.935934 -0.79254
0.860647 0.437029 0.26133 91.756 -0.391844 0.896164 -0.208204 -47.1856 -0.325186 0.0767896 0.942527 -0.806563
0.778545 0.60187 0.177817 92.745 -0.548212 0.790131 -0.274148 -47.699 -0.305501 0.115955 0.945105 -0.924338
0.669613 0.706804 0.228137 93.7478 -0.633744 0.703919 -0.320727 -48.1414 -0.387281 0.0701828 0.919286 -0.947235
0.78039 0.602255 0.168168 94.7374 -0.55054 0.789295 -0.27188 -48.4556 -0.296475 0.119589 0.947523 -1.00895
0.760249 0.621367 0.189536 95.7251 -0.557952 0.773984 -0.299396 -48.7654 -0.332733 0.121863 0.935114 -0.988767
0.72669 0.65938 0.192718 96.7999 -0.5883 0.742185 -0.321038 -49.0989 -0.354718 0.119919 0.927251 -1.04021
0.694257 0.666959 0.270507 97.7875 -0.62034 0.745091 -0.244985 -49.3565 -0.364947 0.00227669 0.931025 -1.00075
0.766974 0.60968 0.2001 98.7993 -0.599291 0.79205 -0.116223 -49.5883 -0.229349 -0.0307779 0.972858 -1.00211
0.748406 0.635926 0.188378 99.8473 -0.590907 0.768306 -0.246038 -49.7975 -0.301194 0.0728228 0.950778 -1.0375
0.61027 0.791339 -0.0367939 100.728 -0.730803 0.544443 -0.411714 -50.3103 -0.305773 0.278146 0.91057 -1.05989
0.241264 0.965367 -0.0992896 101.237 -0.885545 0.177145 -0.429452 -51.2639 -0.396991 0.191537 0.897615 -1.0483
0.120376 0.961456 -0.247209 101.598 -0.989018 0.0946375 -0.113526 -52.1986 -0.0857547 0.25816 0.962289 -1.04646
0.133426 0.908113 -0.396899 101.85 -0.989338 0.0984595 -0.10731 -53.2375 -0.0583713 0.406985 0.911568 -0.931998
0.102131 0.955546 -0.276587 102.065 -0.957807 0.0193684 -0.28676 -54.216 -0.268655 0.294204 0.917207 -0.899714
0.252132 0.956558 -0.146375 102.356 -0.902228 0.17768 -0.392957 -55.2378 -0.349878 0.231141 0.907832 -0.878679
0.585325 0.810577 0.0189933 102.798 -0.741166 0.544407 -0.392803 -56.1973 -0.328737 0.21584 0.919427 -0.861131
0.280345 0.925963 -0.25298 102.938 -0.902313 0.1643 -0.398543 -56.914 -0.327471 0.339997 0.881569 -0.537106
0.0100593 0.998644 -0.0510795 102.977 -0.931445 -0.0092238 -0.363766 -57.6567 -0.363744 0.051237 0.930089 -0.153535
0.264838 0.924758 0.273283 103.278 -0.92281 0.325284 -0.206429 -58.4262 -0.279791 -0.197517 0.939523 0.18848
0.712478 0.606577 0.35276 103.817 -0.664742 0.744454 0.0624933 -58.8072 -0.224707 -0.279019 0.933625 0.180457
0.963721 0.143323 0.225169 104.402 -0.20969 0.928495 0.306474 -58.7521 -0.165143 -0.342571 0.924864 0.165209
0.866858 -0.493187 0.0729598 104.898 0.459654 0.847286 0.266128 -58.4741 -0.193069 -0.197159 0.961173 0.103418
0.510957 -0.847601 -0.143162 105.094 0.838765 0.455154 0.298845 -58.0148 -0.18814 -0.272776 0.943502 0.159212
-0.0307124 -0.964676 -0.261641 104.98 0.98858 -0.0679543 0.134506 -57.6722 -0.147534 -0.254522 0.955747 0.189599
-0.644018 -0.726867 -0.238548 104.641 0.742806 -0.668729 0.0322602 -57.5589 -0.182973 -0.156419 0.970595 0.213666
-0.844736 -0.52856 -0.0839413 103.871 0.507508 -0.840923 0.187841 -57.5954 -0.169873 0.116075 0.978606 0.163756
-0.418017 -0.908327 -0.0142784 103.534 0.874081 -0.406439 0.266062 -57.2728 -0.247475 0.098738 0.96385 0.121288
-0.349278 -0.935169 0.0588569 103.148 0.915321 -0.327077 0.234964 -56.6284 -0.20048 0.135941 0.97022 -0.279445
-0.312558 -0.945703 0.0891834 102.843 0.907485 -0.269542 0.322207 -55.9497 -0.280674 0.181641 0.942459 -0.667492
-0.174964 -0.973646 0.146288 102.764 0.916666 -0.106864 0.385101 -54.9365 -0.359319 0.201477 0.911206 -0.975762
-0.191775 -0.980069 0.0518429 102.621 0.95484 -0.174103 0.240767 -53.9409 -0.226942 0.0956748 0.969197 -0.915005
-0.319436 -0.94463 -0.075065 102.222 0.88357 -0.325539 0.336644 -52.9748 -0.342441 0.0412108 0.938635 -0.883658
-0.604605 -0.785303 -0.133236 101.588 0.736362 -0.614837 0.282393 -52.1428 -0.303683 0.0726263 0.950001 -1.04708
-0.808476 -0.54822 -0.21406 100.79 0.502937 -0.832471 0.232481 -51.4986 -0.30565 0.0802967 0.948752 -1.04431
-0.811834 -0.558857 -0.169127 99.9358 0.513209 -0.821113 0.249779 -50.9231 -0.278463 0.115982 0.953418 -1.05488
-0.790381 -0.569949 -0.224622 98.985 0.530732 -0.82018 0.213605 -50.3557 -0.305974 0.0496159 0.950746 -1.05121
-0.938768 -0.179773 -0.293933 97.9405 0.166444 -0.983565 0.0699706 -50.0845 -0.301681 0.0167629 0.953262 -1.06434
-0.878377 0.286188 -0.38282 96.8491 -0.316733 -0.948348 0.0177747 -50.2365 -0.35796 0.136864 0.923652 -1.05028
-0.849853 0.42261 -0.31488 95.9229 -0.465655 -0.881941 0.0731101 -50.7422 -0.246809 0.208759 0.946311 -1.08819
-0.879032 0.307669 -0.364201 95.0734 -0.369565 -0.922332 0.112812 -51.2636 -0.301206 0.233761 0.924462 -1.03497
-0.951139 0.0519617 -0.304358 94.0866 -0.109523 -0.978417 0.175227 -51.6149 -0.288684 0.199999 0.936302 -1.08873
-0.956602 0.0163709 -0.290939 93.1098 -0.0675846 -0.98366 0.166867 -51.8054 -0.283453 0.179289 0.942078 -1.06331
-0.972842 0.0328647 -0.229125 92.1365 -0.0788052 -0.977761 0.194354 -52.0137 -0.217642 0.207131 0.953797 -1.09511
-0.955016 0.0624934 -0.289896 91.0956 -0.129845 -0.966979 0.219298 -52.2524 -0.266619 0.247075 0.931595 -1.07784
-0.956249 0.1492 -0.251651 90.1034 -0.227093 -0.920845 0.316976 -52.4632 -0.184439 0.360256 0.914439 -1.1092
-0.983664 -0.0111562 -0.179668 89.0011 -0.0672705 -0.902987 0.424369 -52.5766 -0.166972 0.429523 0.887485 -1.10279
-0.957196 -0.281661 0.0666572 88.0151 0.27573 -0.817304 0.505952 -52.4396 -0.0880277 0.502674 0.859982 -1.11753
-0.698992 -0.666544 0.259093 87.1774 0.699002 -0.560303 0.44436 -51.9341 -0.151014 0.491711 0.857563 -1.0724
-0.622964 -0.717048 0.312663 86.4162 0.77761 -0.52418 0.347215 -51.136 -0.085078 0.459432 0.884129 -1.04531
-0.453404 -0.786867 0.418647 85.8756 0.883994 -0.336958 0.324057 -50.2905 -0.113924 0.51701 0.848364 -0.994062
-0.0892265 -0.901578 0.423316 85.5805 0.993929 -0.0531293 0.0963456 -49.3505 -0.0643725 0.429342 0.900845 -0.930176
-0.0859307 -0.867593 0.489794 85.434 0.99614 -0.0659889 0.0578765 -48.3379 -0.0178922 0.492877 0.869915 -0.829693
-0.235334 -0.839995 0.488904 85.2749 0.968484 -0.160445 0.190516 -47.3342 -0.0815903 0.518331 0.851279 -0.791919
-0.1185 -0.840402 0.52885 85.185 0.987883 -0.0460263 0.148216 -46.3306 -0.10022 0.540006 0.835673 -0.798266
-0.221545 -0.878435 0.423402 85.0038 0.955439 -0.108679 0.274455 -45.2571 -0.195076 0.465339 0.863369 -0.744971
-0.437261 -0.848825 0.297152 84.7337 0.880921 -0.337734 0.331532 -44.188 -0.181054 0.406734 0.895426 -0.75964
-0.733274 -0.661645 0.156638 84.2591 0.665541 -0.6513 0.364505 -43.2141 -0.139154 0.371531 0.917933 -0.706022
-0.753533 -0.639774 0.151253 83.5901 0.623446 -0.622437 0.473167 -42.4141 -0.208574 0.450845 0.867892 -0.684863
-0.610177 -0.752449 0.248001 82.8426 0.783149 -0.525495 0.332463 -41.6269 -0.119839 0.397083 0.909925 -0.622709
-0.124755 -0.944445 0.304073 82.5066 0.984241 -0.0790928 0.158155 -40.8805 -0.125319 0.319012 0.939429 -0.612409
0.422175 -0.859142 0.289212 82.5799 0.893917 0.447555 0.0246311 -40.1439 -0.1506 0.248133 0.956948 -0.600522
0.739755 -0.608968 0.286219 83.0576 0.638923 0.769126 -0.0149311 -39.1806 -0.211046 0.193917 0.958048 -0.511137
0.814962 -0.558363 0.155142 83.6622 0.566306 0.824149 -0.00865949 -38.2935 -0.123025 0.0949148 0.987854 -0.444276
0.799489 -0.578834 0.160524 84.2772 0.584307 0.811382 0.0156296 -37.3942 -0.139294 0.0812998 0.986908 -0.410635
0.805035 -0.580323 0.123059 84.9086 0.580858 0.813243 0.0352114 -36.5145 -0.120511 0.0431335 0.991774 -0.391401
0.788954 -0.605999 0.101572 85.4777 0.588902 0.792918 0.156448 -35.584 -0.175345 -0.0636145 0.98245 -0.332361
0.708909 -0.704571 0.0320699 86.0216 0.693528 0.704628 0.150062 -34.613 -0.128326 -0.0841388 0.988156 -0.329556
0.604607 -0.79337 -0.0708096 86.5467 0.778087 0.569258 0.265566 -33.6939 -0.170383 -0.215659 0.961489 -0.247752
0.692923 -0.704247 -0.154575 87.0859 0.720259 0.685898 0.103787 -32.7935 0.0329314 -0.18325 0.982515 -0.178569
0.753018 -0.653238 -0.0790149 87.6312 0.655402 0.755278 0.00194905 -31.9274 0.058405 -0.0532542 0.996872 -0.104072
0.622506 -0.777394 0.0902451 88.1779 0.781356 0.623897 -0.0153496 -30.9957 -0.044371 0.0800688 0.995801 -0.132715
0.57915 -0.811432 0.0785085 88.6768 0.812957 0.582029 0.0185086 -30.0627 -0.0607127 0.0531048 0.996742 -0.12439
0.650419 -0.759299 -0.0205226 89.185 0.755946 0.644435 0.115106 -29.1519 -0.0741744 -0.0903812 0.993141 -0.0697879
0.591176 -0.802707 -0.0785663 89.6433 0.805953 0.584208 0.0956091 -28.2084 -0.0308471 -0.119842 0.992314 -0.052264
0.563228 -0.825891 0.026051 90.1955 0.820864 0.562855 0.0968311 -27.2889 -0.0946348 -0.0331537 0.99496 -0.0426197
0.57965 -0.814145 0.0342538 90.7414 0.809329 0.570312 -0.140463 -26.3977 0.094822 0.109142 0.989493 -0.00772595
0.470643 -0.868252 0.156952 91.2265 0.851734 0.400647 -0.337686 -25.5187 0.230314 0.292611 0.928081 0.0999923
0.448192 -0.8043 0.390162 91.7675 0.858497 0.265588 -0.438687 -24.6648 0.249214 0.531569 0.809523 0.0948275
0.431415 -0.708791 0.558119 92.3263 0.885585 0.214701 -0.411878 -23.7912 0.172106 0.671951 0.72032 0.0988195
0.420015 -0.722372 0.549332 92.7198 0.906391 0.30376 -0.293574 -22.863 0.0452046 0.621215 0.782335 0.0650874
0.30213 -0.841348 0.448164 92.8563 0.951514 0.294663 -0.0882879 -21.8734 -0.0577764 0.453109 0.889581 0.127075
0.228595 -0.950323 0.21126 92.9709 0.96511 0.249684 0.078868 -20.7766 -0.127698 0.18586 0.974243 0.211038
0.245339 -0.96842 0.0443963 92.9011 0.969299 0.245821 0.005644 -19.7074 -0.0163793 0.0416486 0.998998 0.228164
0.252635 -0.966926 0.035062 92.823 0.961983 0.254899 0.0980554 -18.6931 -0.10375 0.00895684 0.994563 0.248174
0.233692 -0.970893 -0.0524831 92.7434 0.972179 0.232431 0.0290549 -17.6077 -0.0160105 -0.0578129 0.998199 0.164757
0.15266 -0.984684 -0.0842224 92.6391 0.988279 0.152162 0.012337 -16.5892 0.000667348 -0.0851186 0.996371 0.192402
0.151109 -0.972689 0.176187 92.5815 0.988166 0.143889 -0.0531365 -15.5779 0.026334 0.182132 0.982921 0.264858
0.273045 -0.924096 0.267382 92.6325 0.960965 0.249102 -0.120396 -14.5555 0.0446518 0.289818 0.95604 0.285786
0.341052 -0.87887 0.333572 92.8142 0.939504 0.330706 -0.0892518 -13.5196 -0.0318738 0.343832 0.93849 0.306551
0.480181 -0.846747 0.229011 93.0451 0.876525 0.453185 -0.162254 -12.523 0.0336038 0.278646 0.959806 0.343141
0.468552 -0.861582 0.195282 93.242 0.883119 0.462715 -0.0774294 -11.5165 -0.0236481 0.208737 0.977686 0.41721
0.219216 -0.943907 0.246951 93.2591 0.974999 0.2025 -0.0914905 -10.5175 0.0363509 0.260833 0.964699 0.422434
0.128866 -0.915962 0.380009 93.1426 0.987847 0.0849904 -0.130134 -9.43306 0.086901 0.392161 0.915783 0.442923
0.175134 -0.884784 0.431839 92.9183 0.98227 0.127226 -0.137693 -8.34456 0.0668871 0.448297 0.891379 0.486001
0.200017 -0.892493 0.404289 92.7099 0.979477 0.192611 -0.059384 -7.32472 -0.0248705 0.407869 0.912701 0.515501
0.0729729 -0.850807 0.520386 92.5531 0.995929 0.0898538 0.00724933 -6.2791 -0.0529264 0.517738 0.8539 0.512322
0.330628 -0.775653 0.537631 92.4414 0.943597 0.282306 -0.172996 -5.28182 -0.0175915 0.564505 0.825242 0.547518
0.447926 -0.81118 0.375964 92.2886 0.8936 0.419833 -0.158808 -4.18296 -0.0290206 0.407096 0.912924 0.637719
0.332297 -0.91538 0.227286 92.1256 0.93944 0.342652 0.00652639 -3.12156 -0.0838539 0.211353 0.973806 0.691625
0.175094 -0.969452 0.17177 91.9785 0.981677 0.185227 0.0447266 -2.03958 -0.0751767 0.160792 0.984121 0.739783
0.196647 -0.973532 0.116474 91.7898 0.980472 0.195501 -0.0213019 -1.03421 -0.00203261 0.118388 0.992965 0.81423
0.307758 -0.948613 0.0736086 91.6338 0.949924 0.31074 0.0329385 -0.0238733 -0.054119 0.0597855 0.996743 0.898726
0.193217 -0.972876 0.127197 91.4391 0.97524 0.204646 0.0838261 1.04911 -0.107583 0.107851 0.988329 0.921642
0.193142 -0.959256 0.206215 91.384 0.973074 0.214215 0.0850847 2.03835 -0.125792 0.184229 0.9748 1.01124
0.380958 -0.903627 0.195779 91.4473 0.923612 0.381675 -0.0355816 3.13785 -0.0425714 0.194379 0.980002 1.08802
0.406451 -0.89543 0.181665 91.5219 0.909536 0.41543 0.0126962 4.2078 -0.0868378 0.160071 0.983278 1.17418
0.401263 -0.890434 0.214744 91.6761 0.913011 0.40763 -0.0157817 5.26464 -0.0734836 0.202396 0.976543 1.20413
0.429358 -0.835206 0.343631 91.9398 0.900103 0.426882 -0.0871063 6.25672 -0.0739382 0.346703 0.935056 1.27976
0.564629 -0.734307 0.376813 92.2427 0.824995 0.515432 -0.231763 7.20663 -0.0240361 0.441729 0.896827 1.28887
0.58617 -0.715596 0.379904 92.5981 0.804495 0.569587 -0.1684 8.17586 -0.0958826 0.404342 0.909568 1.37156
0.720507 -0.617784 0.314981 93.1601 0.689722 0.685466 -0.23328 9.00124 -0.0717917 0.385329 0.919982 1.39009
0.746382 -0.606887 0.273135 93.8251 0.661213 0.72283 -0.200784 9.842 -0.075577 0.330461 0.940789 1.54634
0.808313 -0.555584 0.194826 94.3672 0.58357 0.799871 -0.140188 10.7362 -0.0779495 0.227011 0.970768 1.73889
0.897457 -0.416353 0.145677 95.0623 0.435744 0.888134 -0.146103 11.5032 -0.0685496 0.194599 0.978485 1.79985
0.972732 -0.221409 0.0690663 95.9244 0.230455 0.956232 -0.180307 12.0343 -0.0261218 0.191307 0.981183 1.79361
0.998379 -0.0209729 0.0529195 96.8768 0.0315417 0.977709 -0.207583 12.3875 -0.0473863 0.208915 0.976785 1.83629
0.995984 0.0889096 0.0105197 97.8942 -0.0841038 0.969424 -0.230527 12.6647 -0.0306941 0.228717 0.973009 1.81771
0.979792 0.193803 0.0494793 98.9318 -0.178445 0.958697 -0.221491 12.8778 -0.0903612 0.208186 0.973906 1.84976
0.985322 0.147671 0.0856351 99.9425 -0.13552 0.981724 -0.133613 12.998 -0.103801 0.120047 0.987327 1.84762
0.994227 0.0592211 0.0894723 101.017 -0.0458514 0.98841 -0.144716 13.0394 -0.0970056 0.139778 0.98542 1.8475
0.996893 0.0654767 0.0437936 102.044 -0.0551452 0.977088 -0.205568 13.0921 -0.0562501 0.202514 0.977662 1.83188
0.994415 0.105536 0.00110675 103.06 -0.102759 0.970532 -0.217966 13.2264 -0.0240774 0.216634 0.975956 1.86314
0.998698 0.0398337 0.0318679 104.105 -0.0307372 0.968458 -0.247275 13.3874 -0.0407126 0.245973 0.968421 1.87941
0.980365 -0.193562 0.0376586 105.098 0.19617 0.937919 -0.286052 13.5767 0.0200481 0.287823 0.957474 1.9059
0.99848 0.024832 0.0492015 106.099 0.00067557 0.887161 -0.46146 13.655 -0.0551086 0.460792 0.885795 1.90313
0.977406 -0.0915158 -0.190531 107.113 -0.0169583 0.864553 -0.502256 13.8049 0.210689 0.494139 0.843467 1.94999
0.985102 -0.0513897 -0.164114 108.069 -0.0474585 0.836012 -0.546656 14.0448 0.165294 0.5463 0.821118 2.00016
0.985017 -0.11324 0.130072 109.153 0.15489 0.912546 -0.378508 14.0656 -0.0758348 0.392983 0.916413 1.99866
0.872879 -0.446581 0.19659 110.214 0.477243 0.865277 -0.153409 14.2274 -0.101596 0.227729 0.96841 2.01458
0.926534 -0.298164 0.229417 111.281 0.35472 0.895528 -0.268706 14.3849 -0.125331 0.330344 0.935502 1.97257
0.945826 -0.274777 0.172949 112.318 0.310731 0.920521 -0.236828 14.5233 -0.0941279 0.277738 0.956034 2.0032
0.970687 -0.197339 0.137202 113.319 0.220156 0.959059 -0.17815 14.6969 -0.0964285 0.203133 0.974391 1.98976
0.964082 -0.206136 0.167495 114.353 0.222298 0.971346 -0.0840866 14.9736 -0.145363 0.1183 0.98228 2.02775
0.813649 -0.578675 0.0557758 115.238 0.579387 0.815042 0.00406236 15.5559 -0.0478104 0.0290105 0.998435 2.05194
0.611185 -0.783458 0.112458 115.907 0.791356 0.607477 -0.068753 16.3139 -0.0144504 0.131015 0.991275 2.07996
0.220332 -0.973853 0.0553552 116.412 0.964047 0.226053 0.139687 17.2309 -0.148548 0.0225876 0.988647 2.07962
-0.307113 -0.950464 -0.0479482 116.426 0.941409 -0.310795 0.130977 17.8792 -0.139391 -0.00491426 0.990225 2.12739
-0.353806 -0.849637 0.391074 116.442 0.914212 -0.402467 -0.0472976 18.0727 0.19758 0.34079 0.919143 2.19507
0.0395184 -0.783632 0.619966 116.485 0.979458 -0.0924033 -0.17923 18.078 0.197738 0.614314 0.763883 2.16411
0.350823 -0.857898 0.375411 116.609 0.936241 0.313028 -0.159583 18.031 0.0193922 0.40746 0.913017 2.1757
0.461295 -0.879571 -0.116452 116.68 0.858743 0.475615 -0.190662 17.9878 0.223087 -0.0120511 0.974724 2.21707
0.13375 -0.987762 0.0802284 116.619 0.872292 0.0789184 -0.482574 17.9824 0.470337 0.134527 0.872173 2.24449
-0.0701669 -0.898805 0.432697 116.574 0.941075 -0.203505 -0.270117 18.0193 0.330838 0.388247 0.860122 2.24741
-0.024136 -0.981558 0.189634 116.578 0.996629 -0.00874755 0.0815702 17.9664 -0.0784071 0.190963 0.978461 2.24146
0.487916 -0.857059 0.165492 116.894 0.848769 0.51009 0.13928 17.7674 -0.203787 0.0725072 0.976327 2.15789
0.889907 -0.355656 0.285611 117.182 0.366999 0.930105 0.0147137 17.5457 -0.270881 0.0917251 0.958233 2.10063
0.955986 0.204524 0.210381 117.411 -0.180971 0.975397 -0.125894 17.4123 -0.230953 0.0822796 0.96948 2.09655
0.833483 0.547177 -0.0768346 117.856 -0.537827 0.771518 -0.339857 17.2098 -0.126683 0.324589 0.937333 2.11605
0.508237 0.822211 -0.256248 118.441 -0.849251 0.429049 -0.307719 16.7781 -0.143067 0.374013 0.916322 2.13848
0.411771 0.859041 -0.304127 119.071 -0.90862 0.361514 -0.209084 15.9988 -0.0696657 0.362431 0.929403 2.10303
0.385284 0.895873 -0.221287 119.685 -0.918584 0.349444 -0.184641 15.1113 -0.0880876 0.27441 0.95757 2.09241
0.375107 0.904118 -0.204609 120.313 -0.924297 0.348009 -0.156734 14.1696 -0.0705002 0.247912 0.966214 2.02752
0.306306 0.943026 -0.129917 120.896 -0.943365 0.28244 -0.174038 13.3106 -0.127428 0.175868 0.976131 2.04269
0.401928 0.911943 -0.0825424 121.497 -0.907953 0.385238 -0.164964 12.4429 -0.118639 0.141248 0.98284 1.97669
0.391677 0.914628 -0.100225 122.048 -0.90396 0.362202 -0.2273 11.529 -0.171594 0.179628 0.968653 1.96451
0.27922 0.95041 -0.136955 122.63 -0.945027 0.246713 -0.214609 10.6304 -0.170178 0.18935 0.96705 1.90131
0.293864 0.947339 -0.127253 123.225 -0.937939 0.260142 -0.229338 9.66773 -0.184157 0.18675 0.964993 1.92865
0.298943 0.945134 -0.131735 123.808 -0.944505 0.273352 -0.182179 8.7666 -0.136173 0.178885 0.974401 1.87818
0.121364 0.979177 -0.162736 124.346 -0.976664 0.0885312 -0.195678 7.78341 -0.177196 0.182686 0.967072 1.86568
0.12695 0.968635 -0.213613 124.726 -0.985532 0.0987927 -0.13772 6.80527 -0.112297 0.228006 0.967162 1.83672
-0.0412455 0.986791 -0.15666 124.872 -0.988827 -0.0627942 -0.135198 5.77489 -0.14325 0.149333 0.978355 1.85261
-0.0394224 0.985569 -0.164621 124.97 -0.993319 -0.056536 -0.100602 4.72952 -0.108457 0.159555 0.981213 1.78042
-0.0263305 0.983446 -0.179279 125.133 -0.989773 -0.0507996 -0.133297 3.67209 -0.140198 0.173936 0.974726 1.74155
-0.108581 0.983458 -0.144987 125.285 -0.983179 -0.127789 -0.130495 2.61403 -0.146864 0.128378 0.98079 1.69672
-0.000449258 0.991187 -0.132466 125.465 -0.992103 -0.0170566 -0.124263 1.6276 -0.125427 0.131365 0.983367 1.66773
0.120064 0.983556 -0.134913 125.713 -0.983293 0.0990861 -0.152698 0.547492 -0.136819 0.150993 0.979021 1.64655
-0.0453402 0.990303 -0.131317 125.91 -0.990984 -0.0611774 -0.119199 -0.470117 -0.126077 0.124728 0.984148 1.61367
-0.0806132 0.990004 -0.115728 126.107 -0.977534 -0.10121 -0.184886 -1.53202 -0.194751 0.0982237 0.975922 1.60461
-0.0173751 0.994549 -0.10281 126.275 -0.994313 -0.0279927 -0.10275 -2.59639 -0.105068 0.10044 0.98938 1.54525
0.0893397 0.983693 -0.156095 126.467 -0.978219 0.0571778 -0.199547 -3.63446 -0.187368 0.170523 0.967376 1.5257
0.189706 0.972495 -0.13515 126.902 -0.96202 0.156588 -0.223602 -4.60548 -0.196289 0.172436 0.965265 1.46457
0.550514 0.834615 0.0187778 127.58 -0.82135 0.545515 -0.166723 -5.41159 -0.149393 0.07636 0.985825 1.47466
0.811236 0.580762 0.0679018 128.436 -0.562297 0.8067 -0.181814 -5.97504 -0.160367 0.109313 0.980986 1.43951
0.926731 0.359338 0.109756 129.483 -0.341374 0.927301 -0.153547 -6.20609 -0.156952 0.104829 0.982027 1.39947
0.990402 0.123552 0.061962 130.559 -0.115334 0.985788 -0.122145 -6.09294 -0.0761726 0.113826 0.990576 1.44225
0.98695 -0.140042 0.0794859 131.603 0.156068 0.953455 -0.258004 -5.81671 -0.0396547 0.267043 0.962868 1.41236
0.922023 -0.362035 0.137129 132.61 0.38702 0.870631 -0.303674 -5.49571 -0.0094476 0.333066 0.942856 1.38615
0.916776 -0.32029 0.238614 133.612 0.376242 0.893036 -0.246838 -5.24605 -0.134032 0.316072 0.93922 1.37403
0.989924 -0.108766 0.090668 134.719 0.134788 0.920015 -0.367975 -5.17196 -0.0433928 0.376488 0.925405 1.39619
0.963098 0.263079 -0.0568516 135.781 -0.262283 0.869928 -0.417651 -5.47482 -0.0604185 0.41715 0.906827 1.36083
0.673046 0.690645 -0.264609 136.524 -0.733587 0.577858 -0.357672 -5.96986 -0.0941183 0.434844 0.895574 1.34339
0.118027 0.94866 -0.293453 136.968 -0.98162 0.0668292 -0.178765 -6.64525 -0.149976 0.309158 0.93911 1.32894
-0.171103 0.964748 -0.199963 137.331 -0.982147 -0.183118 -0.043078 -7.69284 -0.0781763 0.189022 0.978856 1.3574
0.00982969 0.990159 -0.1396 137.544 -0.998952 0.00348255 -0.0456382 -8.78651 -0.0447029 0.139903 0.989156 1.31584
-0.0290252 0.991175 -0.129341 137.7 -0.997483 -0.0370962 -0.0604347 -9.88864 -0.0646994 0.127262 0.989757 1.27963
-0.0285741 0.990182 -0.136832 137.873 -0.993712 -0.0429646 -0.1034 -10.905 -0.108263 0.133017 0.985183 1.23033
0.106109 0.988606 -0.106771 138.079 -0.99363 0.101322 -0.0493213 -11.889 -0.0379412 0.111324 0.99306 1.20856
0.0853047 0.985189 -0.148748 138.373 -0.994951 0.076308 -0.0651855 -12.8926 -0.0528694 0.153558 0.986724 1.18324
-0.0409274 0.990878 -0.128398 138.683 -0.999103 -0.0419785 -0.00548942 -13.8829 -0.0108293 0.128059 0.991707 1.12826
-0.100045 0.986446 -0.13006 138.927 -0.992754 -0.107709 -0.0532776 -14.9293 -0.0665641 0.123787 0.990074 1.14046
-0.0820444 0.985937 -0.145589 139.062 -0.996234 -0.0852419 -0.0158509 -15.9532 -0.0280382 0.14374 0.989218 1.07246
-0.156264 0.972773 -0.171153 139.156 -0.987008 -0.160348 -0.0102163 -16.9408 -0.0373822 0.167333 0.985191 1.00609
-0.137078 0.98216 -0.128728 139.299 -0.98735 -0.145929 -0.0620009 -17.9997 -0.07968 0.118601 0.98974 1.0292
-0.0408829 0.986202 -0.160416 139.404 -0.998603 -0.0457075 -0.0264998 -19.0363 -0.0334664 0.159109 0.986694 0.981424
-0.170677 0.973332 -0.153275 139.468 -0.983662 -0.177353 -0.0308894 -20.0267 -0.0572494 0.145498 0.987701 0.909033
-0.11142 0.983313 -0.143806 139.607 -0.988036 -0.125139 -0.0901428 -21.0955 -0.106634 0.132042 0.985492 0.932017
-0.0146413 0.983198 -0.181951 139.731 -0.997816 -0.0260886 -0.0606811 -22.1769 -0.0644084 0.180666 0.981433 0.876041
-0.108005 0.981674 -0.157009 139.876 -0.994138 -0.107437 0.0121261 -23.3021 -0.00496472 0.157398 0.987523 0.863099
-0.14368 0.981857 -0.123743 140.074 -0.984085 -0.154965 -0.0869571 -24.3096 -0.104555 0.10928 0.988497 0.815903
-0.0239036 0.991891 -0.124825 140.257 -0.997814 -0.0313666 -0.0581687 -25.3093 -0.0616124 0.123162 0.990472 0.791886
0.0667249 0.983101 -0.170472 140.461 -0.993312 0.049315 -0.104399 -26.3926 -0.0942275 0.176298 0.979816 0.757837
-0.0901678 0.991753 -0.0910819 140.681 -0.994202 -0.0950147 -0.0503518 -27.3944 -0.0585907 0.0860136 0.99457 0.712256
-0.0226787 0.994805 -0.099245 140.907 -0.996275 -0.0307495 -0.0805639 -28.3882 -0.083197 0.0970482 0.991796 0.709221
0.0112858 0.990578 -0.136485 141.102 -0.997698 0.00202803 -0.0677798 -29.4612 -0.0668644 0.136936 0.988321 0.674615
0.00469785 0.99055 -0.137075 141.29 -0.999788 0.00190281 -0.0205146 -30.5091 -0.0200599 0.137142 0.990348 0.627734
-0.0732575 0.988134 -0.135 141.568 -0.991265 -0.0870281 -0.099095 -31.576 -0.109668 0.126561 0.985878 0.603479
-0.00387846 0.996557 -0.0828199 141.879 -0.998698 -0.0080725 -0.0503659 -32.621 -0.050861 0.0825168 0.995291 0.566662
-0.0168426 0.9936 -0.111691 142.071 -0.99778 -0.0239015 -0.0621658 -33.6478 -0.0644375 0.110396 0.991797 0.554002
-0.0578643 0.990291 -0.126394 142.241 -0.996722 -0.0644762 -0.0488591 -34.6825 -0.0565341 0.123153 0.990776 0.502677
-0.0863202 0.993606 -0.0727727 142.459 -0.991512 -0.0928072 -0.0910559 -35.7494 -0.0972276 0.064295 0.993183 0.493212
-0.0764667 0.99385 -0.0800952 142.647 -0.995854 -0.0800965 -0.0431264 -36.8327 -0.0492765 0.0764654 0.995854 0.456559
0.00926534 0.987385 -0.158067 142.849 -0.991357 -0.0116168 -0.130675 -37.866 -0.130863 0.157912 0.978743 0.429695
-0.101497 0.985999 -0.132306 143.034 -0.99088 -0.112043 -0.07485 -38.8878 -0.0886261 0.123503 0.988379 0.374892
-0.12647 0.987031 -0.0988701 143.248 -0.981325 -0.139052 -0.13291 -39.9552 -0.144935 0.0802146 0.986184 0.402453
-0.0106207 0.994207 -0.106959 143.476 -0.997133 -0.0185437 -0.073355 -41.0613 -0.0749134 0.105874 0.991554 0.356768
0.0354815 0.989676 -0.138864 143.734 -0.995605 0.0229552 -0.0907896 -42.1491 -0.0866647 0.141475 0.986141 0.346944
-0.0473573 0.989222 -0.138551 144.075 -0.996862 -0.055614 -0.0563402 -43.1898 -0.0634384 0.135448 0.988751 0.277835
0.0874094 0.98818 -0.125938 144.528 -0.990194 0.0723579 -0.1195 -44.1278 -0.108975 0.135149 0.984814 0.294101
0.144826 0.979213 -0.142009 144.997 -0.985935 0.130717 -0.104143 -45.1729 -0.0834151 0.155094 0.984372 0.237226
0.0415574 0.990851 -0.128403 145.312 -0.997936 0.034866 -0.0539287 -46.1712 -0.0489584 0.130379 0.990255 0.215085
0.283792 0.958003 -0.0411436 145.743 -0.953605 0.277472 -0.116816 -47.0765 -0.100494 0.072386 0.992301 0.213918
0.654368 0.756118 -0.00936781 146.41 -0.750627 0.648018 -0.128963 -47.8708 -0.0914408 0.091421 0.991605 0.184255
0.778541 0.627183 0.0226761 147.263 -0.619456 0.773745 -0.132638 -48.4661 -0.100734 0.0892176 0.990905 0.181629
0.804301 0.593509 0.0291042 148.233 -0.582441 0.797113 -0.159293 -48.8415 -0.117741 0.111168 0.986802 0.223512
0.905859 0.422736 0.0267279 149.204 -0.405403 0.883544 -0.234515 -49.1939 -0.122753 0.201602 0.971745 0.178049
0.909317 0.415992 -0.00965485 150.265 -0.400929 0.869708 -0.287861 -49.5895 -0.111351 0.265628 0.957623 0.200516
0.827203 0.561852 -0.00764097 151.303 -0.542329 0.794754 -0.272482 -49.9696 -0.147022 0.229541 0.962131 0.167547
0.894978 0.445979 -0.010864 152.293 -0.431098 0.858337 -0.27823 -50.3398 -0.11476 0.253693 0.960453 0.201892
0.857136 0.514649 -0.0213142 153.175 -0.503115 0.827619 -0.248844 -50.8051 -0.110427 0.224016 0.968309 0.234398
0.78589 0.614003 -0.0733282 154.157 -0.60976 0.749771 -0.256973 -51.2477 -0.102803 0.246665 0.963633 0.206038
0.831604 0.554428 -0.0323114 155.145 -0.544696 0.802891 -0.242224 -51.6118 -0.108354 0.219035 0.969682 0.257597
0.88704 0.460033 -0.0391236 156.093 -0.453093 0.851105 -0.265194 -51.9436 -0.0886995 0.252964 0.963401 0.253277
0.876311 0.474903 -0.0809147 157.124 -0.478631 0.839202 -0.25817 -52.3092 -0.054702 0.264966 0.962705 0.238506
0.844281 0.535888 -0.00377055 158.195 -0.523053 0.822488 -0.223448 -52.6693 -0.116642 0.190625 0.974709 0.274057
0.953887 0.295102 0.0549108 159.321 -0.278829 0.938866 -0.201954 -52.8263 -0.111151 0.177331 0.977854 0.286051
0.972827 0.219178 0.0746183 160.33 -0.191364 0.942572 -0.273746 -52.932 -0.130332 0.252028 0.958903 0.305297
0.952613 0.302737 0.0296499 161.333 -0.287506 0.927924 -0.237271 -52.9741 -0.0993435 0.217503 0.970991 0.333539
0.988761 0.145804 0.0330677 162.437 -0.135446 0.967227 -0.214768 -52.9035 -0.0632981 0.207875 0.976105 0.357992
0.982739 0.181985 0.0332422 163.47 -0.168083 0.953421 -0.250474 -52.8899 -0.0772764 0.240564 0.967552 0.393338
0.984018 0.161234 -0.0755783 164.484 -0.176043 0.944683 -0.276736 -52.7842 0.0267783 0.285618 0.957969 0.447243
0.999404 -0.0308355 0.015526 165.531 0.0339025 0.961505 -0.272688 -52.5769 -0.00651988 0.273051 0.961977 0.466273
0.997768 0.0548188 0.0381418 166.527 -0.0460726 0.978489 -0.201087 -52.4367 -0.0483447 0.19888 0.978831 0.504159
0.99515 0.036086 0.0915068 167.608 -0.0226383 0.989326 -0.143949 -52.2088 -0.0957247 0.141179 0.985345 0.50488
0.998062 0.0162639 0.0600599 168.605 -0.00538368 0.984187 -0.177049 -52.0475 -0.0619897 0.176382 0.982368 0.524533
0.989047 -0.11192 0.096227 169.689 0.142593 0.892892 -0.427095 -51.8958 -0.0381197 0.436139 0.899072 0.583556
0.975286 -0.151551 0.160775 170.789 0.213881 0.830104 -0.514959 -51.692 -0.0554171 0.536619 0.842003 0.584845
0.956309 -0.0474622 0.288478 171.841 0.127427 0.955742 -0.265177 -51.4864 -0.263125 0.290351 0.920033 0.64835
0.919806 -0.0428567 0.390025 172.915 0.0605898 0.997608 -0.0332715 -51.2791 -0.387666 0.0542349 0.920203 0.638643
0.893037 -0.185833 0.409819 173.995 0.193261 0.980863 0.0236395 -51.0686 -0.406369 0.058091 0.911861 0.635707
0.909832 -0.0786737 0.407452 175.083 0.0645175 0.996743 0.0483919 -50.8876 -0.409931 -0.0177407 0.911944 0.603121
0.921215 -0.092237 0.377963 176.146 0.070901 0.995023 0.0700146 -50.5971 -0.38254 -0.0377005 0.92317 0.636569
0.91567 -0.161163 0.368206 177.234 0.207255 0.974231 -0.0889909 -50.3448 -0.344376 0.157799 0.925476 0.608395
0.908642 -0.118744 0.400336 178.28 0.227699 0.944537 -0.236649 -50.2002 -0.350032 0.306185 0.885284 0.602594
0.958345 -0.0404956 0.282729 179.353 0.142607 0.92552 -0.350822 -50.1061 -0.247464 0.376527 0.892742 0.561517
0.975865 0.0386955 0.214919 180.401 0.0273471 0.954773 -0.296076 -50.0413 -0.216656 0.294808 0.930671 0.621499
0.9674 -0.0794739 0.240461 181.395 0.159838 0.928089 -0.336307 -49.9428 -0.196442 0.363778 0.910536 0.570182
0.970425 -0.0847079 0.226054 182.479 0.157711 0.931416 -0.328011 -49.7523 -0.182765 0.353961 0.917229 0.579482
0.989894 0.0447252 0.134575 183.511 -0.00110973 0.951378 -0.308023 -49.6025 -0.141808 0.30476 0.941813 0.585205
0.988716 0.0845052 0.123693 184.602 -0.0334285 0.929341 -0.367707 -49.5122 -0.146026 0.359423 0.921679 0.616118
0.991786 0.10232 0.0767534 185.661 -0.0600272 0.902216 -0.427087 -49.4732 -0.112948 0.418971 0.900947 0.576167
0.962816 0.269898 -0.0118176 186.736 -0.249388 0.87113 -0.42301 -49.6162 -0.103875 0.410228 0.906048 0.53934
0.82017 0.555829 -0.135555 187.789 -0.552819 0.708912 -0.437989 -49.9948 -0.147351 0.434163 0.888701 0.513872
0.658989 0.704109 -0.264508 188.624 -0.746543 0.569426 -0.344133 -50.615 -0.091689 0.424246 0.900893 0.556
0.581868 0.803174 -0.127834 189.358 -0.797679 0.532966 -0.282233 -51.3873 -0.158551 0.266193 0.950791 0.467163
0.493001 0.859682 -0.133776 190.05 -0.862642 0.463009 -0.203646 -52.2015 -0.113132 0.215799 0.969862 0.473675
0.447626 0.892523 -0.055082 190.808 -0.881377 0.429956 -0.195735 -53.0431 -0.151016 0.136164 0.979109 0.426363
0.477595 0.878386 -0.0184526 191.508 -0.870617 0.47034 -0.144245 -53.7671 -0.118024 0.0849558 0.98937 0.408649
0.460396 0.887355 -0.0252272 192.223 -0.881962 0.453998 -0.126601 -54.6189 -0.100887 0.0805359 0.991633 0.405848
0.455805 0.886545 -0.0792384 192.936 -0.889139 0.449424 -0.0863126 -55.4534 -0.0409084 0.109796 0.993112 0.360164
0.434203 0.896651 -0.0865175 193.634 -0.885882 0.407616 -0.2215 -56.299 -0.163342 0.17282 0.971315 0.369534
0.609452 0.785693 -0.106088 194.345 -0.786912 0.583158 -0.201731 -57.0242 -0.096633 0.206427 0.973679 0.359062
0.583653 0.785142 -0.207125 195.078 -0.80766 0.534983 -0.247948 -57.8429 -0.0838661 0.312002 0.946373 0.372217
0.489881 0.848173 -0.20154 195.747 -0.864463 0.442698 -0.238165 -58.645 -0.112784 0.290896 0.950084 0.329332
0.411127 0.887856 -0.206606 196.377 -0.899461 0.358274 -0.25022 -59.5575 -0.148137 0.288706 0.945888 0.366239
0.530831 0.83261 -0.158051 196.903 -0.831893 0.476325 -0.284727 -60.4261 -0.161783 0.282623 0.94549 0.30146
0.460532 0.864651 -0.200722 197.399 -0.877627 0.409666 -0.248889 -61.384 -0.132973 0.290781 0.947505 0.274185
0.393187 0.914519 -0.0951817 197.941 -0.889919 0.352481 -0.289485 -62.2706 -0.231189 0.198525 0.952439 0.271918
0.480227 0.861343 -0.165742 198.554 -0.856459 0.419661 -0.300604 -63.1567 -0.189367 0.28631 0.939237 0.274817
0.44772 0.853931 -0.265232 199.076 -0.877304 0.362156 -0.314931 -64.1044 -0.172874 0.37369 0.911302 0.257533
0.360323 0.882689 -0.301708 199.531 -0.912712 0.266798 -0.309477 -65.0746 -0.192677 0.386884 0.901774 0.217044
0.219961 0.924864 -0.310233 199.91 -0.941351 0.117819 -0.316192 -66.0372 -0.255883 0.361588 0.896537 0.218179
0.194601 0.967819 -0.159551 200.281 -0.961394 0.155931 -0.226732 -67.0776 -0.194557 0.197514 0.9608 0.170519
0.121922 0.990239 -0.0675441 200.536 -0.992525 0.122006 -0.0028935 -68.1183 0.00537554 0.067392 0.997712 0.214771
-0.0302874 0.996475 -0.0782313 200.691 -0.999513 -0.0296064 0.00985019 -69.1932 0.00749933 0.0784915 0.996887 0.153603
0.11164 0.98749 -0.111354 200.915 -0.991546 0.103234 -0.0786089 -70.2816 -0.06613 0.119188 0.990667 0.183198
0.289118 0.95729 0.00239525 201.161 -0.951823 0.287732 -0.106037 -71.2746 -0.102198 0.0283775 0.994359 0.0977762
0.393643 0.896037 0.205335 201.4 -0.889656 0.427572 -0.160296 -72.3408 -0.231427 -0.119579 0.965475 0.112029
0.415263 0.855973 0.308005 201.612 -0.85114 0.485099 -0.200598 -73.3794 -0.32112 -0.178854 0.929996 0.0701231
0.600516 0.76048 0.247084 201.828 -0.753581 0.641578 -0.143151 -74.3822 -0.267387 -0.100233 0.958362 0.0192975
0.649921 0.759801 0.0174348 202.005 -0.746493 0.642508 -0.173009 -75.389 -0.142654 0.099427 0.984766 0.0202608
0.604848 0.787041 -0.121349 202.122 -0.764901 0.531788 -0.363495 -76.4089 -0.221553 0.312679 0.923659 -0.0654671
0.37032 0.922443 -0.109371 202.179 -0.865378 0.299801 -0.401546 -77.4492 -0.337614 0.243348 0.909285 -0.0649917
0.539888 0.836579 -0.0930346 202.43 -0.779599 0.455292 -0.43004 -78.5309 -0.317405 0.304703 0.898004 -0.114895
0.618059 0.780721 -0.0920768 202.531 -0.725544 0.521408 -0.449133 -79.5488 -0.302638 0.344396 0.888708 -0.0989038
0.653705 0.754951 -0.0521349 202.644 -0.690956 0.567356 -0.44798 -80.5671 -0.308624 0.32887 0.892522 -0.155328
0.610633 0.791898 0.00491854 202.789 -0.707755 0.548516 -0.445211 -81.5911 -0.35526 0.268379 0.895412 -0.144657
0.765916 0.642766 0.014977 203.072 -0.567259 0.68654 -0.454839 -82.5471 -0.302638 0.339873 0.890447 -0.195209
0.635329 0.768417 -0.0767644 203.275 -0.70215 0.533423 -0.47164 -83.5539 -0.321468 0.353547 0.878443 -0.248541
0.331533 0.926622 -0.17736 203.379 -0.89065 0.245396 -0.382782 -84.6734 -0.311171 0.284871 0.906654 -0.278747
0.331751 0.93034 -0.156234 203.546 -0.867118 0.235499 -0.438914 -85.7413 -0.371546 0.281084 0.884842 -0.276581
0.364831 0.915059 -0.171946 203.681 -0.873506 0.272457 -0.403429 -86.7302 -0.322313 0.297379 0.89871 -0.334251
0.352117 0.910915 -0.215053 203.842 -0.895695 0.26129 -0.359802 -87.7888 -0.271557 0.319314 0.907907 -0.375477
0.254854 0.947972 -0.190783 203.999 -0.923004 0.17966 -0.340272 -88.8233 -0.288293 0.262813 0.92077 -0.373884
0.343323 0.921115 -0.183512 204.212 -0.888681 0.255361 -0.380837 -89.9185 -0.303933 0.293834 0.906249 -0.452094
0.538227 0.833522 -0.12471 204.484 -0.780634 0.437263 -0.446555 -91.0119 -0.317683 0.337701 0.886022 -0.488273
0.499351 0.861326 -0.0936326 204.733 -0.807213 0.423256 -0.411414 -92.0427 -0.314731 0.281021 0.906627 -0.563421
0.445156 0.888782 -0.109099 204.997 -0.818641 0.354568 -0.451784 -93.0943 -0.362855 0.290427 0.885431 -0.551209
0.454569 0.87504 -0.166352 205.267 -0.823419 0.34162 -0.453075 -94.1168 -0.339629 0.342931 0.875814 -0.637613
0.343784 0.917025 -0.20218 205.404 -0.868966 0.229052 -0.438673 -95.1381 -0.355965 0.326496 0.875608 -0.670515
0.245198 0.939955 -0.237406 205.561 -0.919651 0.148024 -0.363772 -96.1677 -0.306788 0.307527 0.900727 -0.720433
0.222697 0.947575 -0.229146 205.71 -0.935669 0.141752 -0.323155 -97.1951 -0.273732 0.28637 0.918185 -0.733653
0.243931 0.934338 -0.259828 205.914 -0.949755 0.175976 -0.258838 -98.2208 -0.196119 0.309912 0.930318 -0.767854
0.199708 0.919477 -0.338644 206.276 -0.977713 0.164149 -0.130891 -99.2 -0.0647632 0.357236 0.931766 -0.796488
0.356095 0.89699 -0.261927 206.742 -0.927579 0.30538 -0.215267 -100.09 -0.113105 0.319613 0.940773 -0.778032
0.559451 0.803865 -0.202027 207.251 -0.820672 0.503032 -0.271028 -100.963 -0.116244 0.317425 0.941132 -0.84364
0.818492 0.563591 -0.11152 207.938 -0.556778 0.730266 -0.395867 -101.826 -0.141668 0.386106 0.911511 -0.888315
0.884634 0.46511 0.0331048 208.684 -0.40952 0.808925 -0.421822 -102.546 -0.222973 0.359601 0.906074 -0.886624
0.717712 0.68996 -0.0940447 209.318 -0.670652 0.64856 -0.359994 -103.354 -0.187388 0.321444 0.928202 -0.904316
0.521984 0.837695 -0.160622 209.885 -0.811554 0.429805 -0.395788 -104.266 -0.262514 0.336948 0.904186 -0.975064
0.409272 0.878391 -0.24683 210.442 -0.901377 0.3473 -0.258653 -105.207 -0.141475 0.328347 0.933902 -0.989521
0.238757 0.944981 -0.223622 210.984 -0.953435 0.18442 -0.238643 -106.149 -0.184273 0.270186 0.945009 -0.960004
0.295823 0.937801 -0.181706 211.535 -0.948214 0.265251 -0.174736 -107.042 -0.11567 0.223987 0.967704 -1.00509
0.556053 0.824028 -0.108546 212.236 -0.826725 0.534904 -0.174365 -107.772 -0.0856204 0.186694 0.97868 -0.975901
0.724309 0.684382 -0.0836548 213.133 -0.689116 0.714665 -0.119888 -108.452 -0.022264 0.144484 0.989257 -0.961107
0.685031 0.707645 -0.173123 213.955 -0.726322 0.681825 -0.0870091 -109.172 0.056468 0.185347 0.981049 -0.928901
0.403991 0.882461 -0.240943 214.662 -0.912869 0.405861 -0.0441349 -110.006 0.0588422 0.23778 0.969535 -0.948865
0.228123 0.96157 -0.152785 215.32 -0.97136 0.235486 0.0317218 -110.893 0.0664813 0.141172 0.98775 -0.955749
-0.00232508 0.983681 -0.179905 215.784 -0.999196 -0.00948551 -0.0389511 -111.831 -0.040022 0.17967 0.982912 -0.922739
0.0578811 0.989569 -0.131919 216.144 -0.996467 0.0492117 -0.0680588 -112.785 -0.0608569 0.135393 0.988921 -0.947739
-0.0701575 0.987405 -0.141809 216.401 -0.996768 -0.0749678 -0.0288619 -113.894 -0.0391295 0.139326 0.989473 -0.91854
-0.091522 0.982973 -0.159337 216.629 -0.995308 -0.0953406 -0.0164719 -114.879 -0.0313827 0.157082 0.987087 -0.932267
-0.0543398 0.991105 -0.121486 216.864 -0.998348 -0.0562006 -0.011941 -115.893 -0.0186623 0.120636 0.992521 -0.894891
-0.0422634 0.98734 -0.152886 217.024 -0.99691 -0.0518155 -0.0590422 -116.886 -0.0662166 0.149918 0.986479 -0.901984
-0.0891326 0.985113 -0.146999 217.211 -0.995982 -0.0868664 0.0217772 -117.997 0.00868371 0.148349 0.988897 -0.949318
0.0279405 0.992651 -0.11774 217.416 -0.998906 0.0233067 -0.0405514 -119.025 -0.0375092 0.118744 0.992216 -0.892183
0.0483826 0.985561 -0.162261 217.626 -0.998116 0.0415697 -0.0451244 -120.03 -0.0377277 0.164138 0.985716 -0.886862
0.0982914 0.986465 -0.131247 217.925 -0.992549 0.0876351 -0.08465 -121.009 -0.0720024 0.13859 0.987729 -0.92204
0.225744 0.967826 -0.111141 218.319 -0.970527 0.213548 -0.111693 -122.019 -0.0843654 0.133079 0.987508 -0.896754
0.414541 0.903091 -0.112168 218.732 -0.902074 0.39152 -0.181588 -122.981 -0.120074 0.176459 0.976957 -0.897707
0.454414 0.884636 -0.104534 219.142 -0.887689 0.439919 -0.135939 -123.907 -0.0742695 0.154566 0.985187 -0.93419
0.598342 0.79793 -0.0727695 219.604 -0.797763 0.58483 -0.146793 -124.792 -0.0745727 0.145885 0.986487 -0.932069
0.451584 0.882359 -0.132342 219.881 -0.890877 0.43775 -0.121299 -125.827 -0.0490969 0.172678 0.983754 -0.96171
0.168031 0.971691 -0.16608 219.989 -0.985768 0.164738 -0.0335067 -126.881 -0.00519833 0.169347 0.985543 -1.0044
0.125647 0.982295 -0.138956 220.034 -0.988562 0.112191 -0.100788 -127.934 -0.0834139 0.15003 0.985156 -0.994665
0.180983 0.971986 -0.149958 220.009 -0.982177 0.170763 -0.0785412 -129.024 -0.0507336 0.1615 0.985568 -1.05407
0.038831 0.987888 -0.150234 219.878 -0.990523 0.0182321 -0.136133 -130.068 -0.131745 0.154096 0.979233 -1.08683
-0.111736 0.992751 -0.0442814 219.643 -0.991208 -0.114519 -0.0662787 -131.085 -0.0708693 0.0364863 0.996818 -1.14691
-0.0804151 0.993066 -0.0857569 219.521 -0.991944 -0.0881785 -0.0909523 -132.129 -0.0978835 0.0777521 0.992156 -1.14267
0.0133957 0.986353 -0.164099 219.461 -0.991864 -0.00767069 -0.127074 -133.22 -0.126599 0.164466 0.978225 -1.22015
-0.114528 0.97579 -0.186324 219.347 -0.981632 -0.139969 -0.129644 -134.342 -0.152585 0.168054 0.973897 -1.23362
-0.293854 0.91318 -0.282402 219.196 -0.945938 -0.320264 -0.0513124 -135.41 -0.137301 0.252057 0.957923 -1.26935
-0.394108 0.853651 -0.340527 218.908 -0.902691 -0.429163 -0.0311203 -136.451 -0.172707 0.295126 0.93972 -1.29096
-0.52504 0.787002 -0.323977 218.341 -0.83566 -0.548844 0.0210332 -137.339 -0.16126 0.281778 0.945831 -1.32899
-0.648077 0.700262 -0.299382 217.62 -0.755269 -0.641452 0.134567 -138.17 -0.097807 0.313324 0.944596 -1.35662
-0.792498 0.551549 -0.260272 216.861 -0.59542 -0.792082 0.134466 -138.923 -0.131992 0.261535 0.956126 -1.37621
-0.803312 0.549871 -0.228759 216.074 -0.584852 -0.80086 0.128733 -139.645 -0.112417 0.237203 0.964934 -1.40125
-0.782625 0.578614 -0.229573 215.194 -0.614563 -0.776871 0.137055 -140.32 -0.0990466 0.24835 0.963593 -1.4319
-0.86513 0.454606 -0.211858 214.26 -0.490445 -0.855187 0.167684 -140.879 -0.104948 0.248974 0.962807 -1.47851
-0.917129 0.341042 -0.206313 213.285 -0.371859 -0.918448 0.134811 -141.36 -0.143512 0.200358 0.969155 -1.49505
-0.9118 0.360023 -0.197492 212.383 -0.389464 -0.910637 0.138047 -141.789 -0.130144 0.202788 0.970536 -1.50577
-0.92795 0.303323 -0.216572 211.342 -0.339233 -0.928059 0.153712 -142.171 -0.154367 0.216105 0.96409 -1.51173
-0.967796 0.191687 -0.163175 210.31 -0.227957 -0.942335 0.245029 -142.497 -0.106796 0.274335 0.955685 -1.55121
-0.972987 0.175283 -0.150238 209.351 -0.200733 -0.963787 0.175557 -142.8 -0.114026 0.200973 0.972938 -1.52288
-0.948093 0.277221 -0.15578 208.298 -0.297309 -0.946567 0.124971 -143.122 -0.112812 0.164799 0.979854 -1.54146
-0.966048 0.145586 -0.213441 207.244 -0.17743 -0.974343 0.138471 -143.394 -0.187805 0.17164 0.967093 -1.57695
-0.984938 -0.0754764 -0.155567 206.255 0.0460447 -0.981703 0.18477 -143.587 -0.166667 0.174824 0.970391 -1.59566
-0.906249 -0.3748 -0.195543 205.189 0.325429 -0.913756 0.243198 -143.564 -0.269829 0.156763 0.950062 -1.59482
-0.95702 -0.286593 -0.0444721 204.17 0.270086 -0.936563 0.22339 -143.427 -0.105673 0.201778 0.973714 -1.57398
-0.976721 -0.203127 0.0689564 203.047 0.213689 -0.949467 0.22989 -143.311 0.018775 0.239274 0.970771 -1.53882
-0.943033 -0.332105 -0.0198947 201.982 0.32985 -0.941091 0.0744737 -143.24 -0.0434558 0.0636689 0.997025 -1.55513
-0.951202 -0.306304 -0.0373143 200.873 0.304268 -0.951181 0.0517274 -143.209 -0.0513369 0.0378497 0.997964 -1.52878
-0.92745 -0.174499 0.330736 199.814 0.275547 -0.916828 0.288965 -143.198 0.252804 0.359134 0.898395 -1.46845
-0.960806 -0.0860213 0.263537 198.715 0.212571 -0.838819 0.501195 -143.162 0.177947 0.537572 0.824228 -1.47419
-0.939307 0.34307 0.00242489 198.04 -0.268114 -0.738454 0.618709 -143.296 0.214051 0.580507 0.785616 -1.43843
-0.658805 0.666775 -0.348407 197.689 -0.715326 -0.411765 0.564586 -143.519 0.23299 0.621177 0.748235 -1.44585
-0.186564 0.786728 -0.588433 197.522 -0.95696 -0.00999174 0.290048 -143.666 0.222309 0.61722 0.754731 -1.43136
0.367048 0.647208 -0.668129 197.557 -0.892884 0.44654 -0.0579638 -143.693 0.260832 0.617838 0.741784 -1.43431
0.766942 0.340538 -0.543906 197.501 -0.591242 0.704473 -0.39262 -143.633 0.249465 0.622697 0.74163 -1.4205
0.947348 -0.0662489 -0.313279 197.355 -0.165444 0.736386 -0.656022 -143.681 0.274155 0.673311 0.686653 -1.44046
0.901986 -0.431686 -0.0083009 197.192 0.274787 0.588769 -0.76016 -143.589 0.333038 0.683373 0.649683 -1.43174
0.625285 -0.692489 0.359831 196.99 0.708556 0.310535 -0.633653 -143.442 0.327058 0.651174 0.68484 -1.40776
0.160851 -0.783866 0.599735 196.723 0.922619 -0.0964155 -0.373467 -143.177 0.350571 0.613399 0.707701 -1.41218
-0.349057 -0.649508 0.675498 196.22 0.890609 -0.45416 0.0235278 -142.888 0.291503 0.609818 0.736986 -1.42037
-0.737987 -0.392022 0.549266 195.295 0.63195 -0.686959 0.358784 -142.788 0.236672 0.611887 0.754706 -1.42328
-0.944131 -0.0210729 0.328897 194.347 0.232531 -0.749797 0.619462 -142.765 0.233552 0.661332 0.712806 -1.45638
-0.966113 0.258075 0.0047845 193.339 -0.164557 -0.630094 0.758882 -142.957 0.198864 0.732379 0.65121 -1.50496
-0.692817 0.63183 -0.347557 192.69 -0.681945 -0.417381 0.600619 -143.396 0.234425 0.653134 0.720042 -1.48299
-0.237343 0.70001 -0.673538 192.451 -0.937349 0.0170043 0.347978 -143.785 0.255041 0.71393 0.652118 -1.48222
0.244702 0.616125 -0.748672 192.323 -0.945789 0.32174 -0.0443507 -144.014 0.213553 0.718939 0.661455 -1.49059
0.61752 0.338417 -0.710031 192.24 -0.731881 0.577902 -0.361081 -144.103 0.288132 0.742632 0.604547 -1.49599
0.943845 -0.0367111 -0.328342 192.123 -0.206509 0.710196 -0.673034 -144.048 0.257895 0.703046 0.662734 -1.47408
0.896933 -0.434453 0.0822294 191.944 0.347047 0.576468 -0.739758 -143.974 0.273988 0.692051 0.667829 -1.51671
0.571755 -0.677174 0.463175 191.621 0.777995 0.268315 -0.568094 -143.81 0.260421 0.685159 0.680249 -1.50096
0.0185467 -0.81675 0.576693 191.034 0.970941 -0.122934 -0.205332 -143.599 0.2386 0.563743 0.790736 -1.49786
-0.532074 -0.637982 0.556665 190.341 0.81636 -0.560965 0.137386 -143.445 0.22462 0.527539 0.819298 -1.52925
-0.893657 -0.289839 0.342593 189.502 0.405783 -0.84792 0.341134 -143.513 0.191618 0.443875 0.875361 -1.52884
-0.997891 0.0589848 0.0271059 188.518 -0.0382249 -0.871417 0.489051 -143.762 0.0524672 0.486984 0.871834 -1.58994
-0.996498 -0.0166354 -0.0819399 187.435 -0.013016 -0.937196 0.348561 -144.077 -0.0825922 0.348407 0.933698 -1.66306
-0.990782 -0.0515759 -0.12526 186.456 0.00828168 -0.946015 0.324016 -144.383 -0.135209 0.319992 0.937723 -1.691
-0.989913 -0.0784816 -0.11795 185.454 0.0393362 -0.952067 0.303351 -144.559 -0.136104 0.295651 0.945551 -1.67641
-0.970047 -0.242589 -0.0126071 184.447 0.233129 -0.944291 0.232306 -144.663 -0.0682596 0.222408 0.972561 -1.70373
-0.980344 -0.193889 -0.0364985 183.389 0.18369 -0.964494 0.189761 -144.819 -0.0719952 0.179327 0.981152 -1.66103
-0.991027 -0.127764 -0.0392757 182.383 0.120458 -0.981036 0.151848 -144.946 -0.0579316 0.145755 0.987623 -1.67627
-0.99627 -0.0778253 -0.0372853 181.389 0.0708712 -0.9844 0.161041 -145.156 -0.0492367 0.157798 0.986243 -1.73399
-0.992378 0.0135834 -0.122482 180.361 -0.0346633 -0.984546 0.171663 -145.472 -0.118258 0.1746 0.977512 -1.7353
-0.980648 0.102605 -0.166741 179.366 -0.129285 -0.978945 0.157962 -145.747 -0.147022 0.176462 0.973265 -1.74091
-0.991118 -0.113077 -0.0699857 178.28 0.101766 -0.983706 0.14821 -145.951 -0.0856045 0.139771 0.986477 -1.74369
-0.976989 -0.161714 -0.139071 177.267 0.136841 -0.975392 0.172875 -146.149 -0.163605 0.149866 0.975076 -1.69544
-0.988306 -0.113692 -0.10161 176.233 0.0968888 -0.982793 0.157261 -146.29 -0.117741 0.145577 0.982316 -1.7312
-0.960929 -0.276707 0.00701224 175.148 0.275716 -0.954638 0.11246 -146.366 -0.0244243 0.109999 0.993632 -1.75859
-0.919603 -0.392497 -0.0166442 174.143 0.387127 -0.912598 0.131517 -146.359 -0.0668094 0.1145 0.991174 -1.75398
-0.888568 -0.458562 0.0129927 173.132 0.457233 -0.882983 0.106203 -146.211 -0.0372284 0.100309 0.99426 -1.82063
-0.689885 -0.719887 0.0763061 172.095 0.722869 -0.679369 0.126166 -145.807 -0.0389851 0.142199 0.98907 -1.80762
-0.479006 -0.864972 0.149589 171.171 0.877585 -0.468006 0.103995 -145.285 -0.0199441 0.181091 0.983264 -1.83851
-0.278848 -0.947603 0.155863 170.364 0.958906 -0.265891 0.0989957 -144.526 -0.052366 0.177062 0.982806 -1.81179
-0.259831 -0.947304 0.187356 169.769 0.965459 -0.250947 0.0700984 -143.684 -0.0193881 0.199099 0.979788 -1.82028
-0.134643 -0.968304 0.210379 169.316 0.990001 -0.122441 0.0700447 -142.788 -0.0420655 0.217706 0.975107 -1.80357
-0.0573603 -0.980985 0.185415 168.909 0.995409 -0.0419414 0.0860397 -141.867 -0.0766271 0.189499 0.978886 -1.76846
-0.0854063 -0.982453 0.165807 168.531 0.996268 -0.0821185 0.0265971 -140.905 -0.0125146 0.16746 0.9858 -1.75794
0.00678346 -0.975386 0.220399 168.203 0.999158 -0.00230711 -0.0409624 -139.917 0.0404626 0.220491 0.974549 -1.71591
0.0199837 -0.947569 0.318927 167.843 0.99941 0.0278502 0.0201242 -138.977 -0.0279513 0.318337 0.947566 -1.68655
-0.0535109 -0.942338 0.330357 167.423 0.998567 -0.0506265 0.0173355 -137.993 0.000388922 0.330812 0.943697 -1.70932
-0.0812556 -0.909119 0.408535 167.063 0.996125 -0.0602382 0.0640755 -137.021 -0.0336428 0.412158 0.910491 -1.67637
-0.0757571 -0.922915 0.377477 166.634 0.99666 -0.0816683 0.000347237 -136.078 0.0305074 0.376242 0.926019 -1.63044
-0.155409 -0.935808 0.316403 166.179 0.987684 -0.15308 0.0323683 -135.12 0.0181443 0.317536 0.948072 -1.65304
-0.161877 -0.925716 0.341828 165.758 0.986534 -0.160023 0.0338218 -134.21 0.023391 0.342699 0.939154 -1.59455
-0.153112 -0.925918 0.3453 165.211 0.986222 -0.16532 -0.00599611 -133.217 0.0626368 0.339624 0.938473 -1.60978
-0.165254 -0.917045 0.362933 164.756 0.985942 -0.14439 0.0840883 -132.289 -0.024709 0.371727 0.928013 -1.58951
-0.144439 -0.913873 0.379438 164.428 0.989468 -0.129727 0.0642104 -131.324 -0.00945671 0.384717 0.922986 -1.57112
0.0426257 -0.933148 0.356956 164.171 0.999042 0.0362772 -0.024465 -130.344 0.00988012 0.357657 0.933801 -1.58582
0.0297474 -0.954789 0.295792 163.875 0.998686 0.0160387 -0.048665 -129.335 0.0417207 0.296851 0.954012 -1.50402
-0.0418023 -0.952059 0.303046 163.57 0.997087 -0.0591178 -0.0481878 -128.328 0.0637931 0.300149 0.951757 -1.49787
0.0848876 -0.974021 0.209946 163.355 0.995539 0.0741999 -0.0582846 -127.329 0.0411924 0.213957 0.975974 -1.50809
-0.0182718 -0.982063 0.187664 163.058 0.987933 -0.0466059 -0.147704 -126.372 0.153801 0.1827 0.971064 -1.40471
-0.0749198 -0.960877 0.266651 162.84 0.975648 -0.125913 -0.179603 -125.299 0.206151 0.246702 0.946911 -1.41098
0.13005 -0.945418 0.298783 162.721 0.978482 0.073692 -0.192722 -124.212 0.160185 0.317418 0.934659 -1.39577
0.107638 -0.964716 0.240285 162.496 0.977273 0.0582734 -0.20382 -123.233 0.182626 0.256762 0.949063 -1.35965
-0.0393663 -0.985012 0.167936 162.199 0.980823 -0.0701974 -0.181819 -122.209 0.190882 0.157558 0.968886 -1.34443
0.00513147 -0.97587 0.218291 161.936 0.982186 -0.0360861 -0.184412 -121.224 0.187839 0.215349 0.958301 -1.32186
0.0752217 -0.96866 0.236725 161.676 0.975726 0.0225357 -0.217832 -120.212 0.205671 0.247364 0.946842 -1.33282
0.0399868 -0.976908 0.209886 161.396 0.98317 0.000992411 -0.182692 -119.134 0.178265 0.213658 0.960506 -1.23858
0.0376672 -0.966061 0.255554 161.112 0.97215 -0.0237717 -0.233153 -118.097 0.231315 0.257219 0.93826 -1.26906
0.1287 -0.96026 0.247664 161.075 0.974653 0.0763962 -0.210274 -116.986 0.182997 0.268449 0.945752 -1.22249
0.253454 -0.924242 0.285549 161.15 0.935903 0.159638 -0.314009 -115.98 0.244636 0.346833 0.905462 -1.21757
0.254058 -0.926553 0.277405 161.138 0.951624 0.188218 -0.242871 -114.976 0.172821 0.325689 0.929548 -1.15222
0.119731 -0.961977 0.245489 161.099 0.976314 0.069203 -0.204994 -113.874 0.180211 0.264219 0.947477 -1.17205
0.174109 -0.905926 0.385984 161.183 0.981324 0.127069 -0.144417 -112.804 0.0817844 0.403919 0.911131 -1.1216
0.267508 -0.89311 0.361653 161.163 0.948967 0.179132 -0.259564 -111.686 0.167036 0.412633 0.895451 -1.11721
0.024068 -0.933922 0.356666 161.006 0.993408 -0.0176551 -0.113265 -110.642 0.112078 0.357041 0.927341 -1.04962
-0.00026486 -0.917196 0.398437 160.914 0.988049 -0.0616543 -0.141271 -109.522 0.154138 0.393638 0.906251 -1.02664
0.0538585 -0.916964 0.395317 160.813 0.992824 0.00684472 -0.119387 -108.41 0.106768 0.398911 0.910753 -1.02042
0.213185 -0.917907 0.334663 160.704 0.974776 0.176671 -0.136377 -107.407 0.0660559 0.355295 0.932417 -0.967987
0.00541389 -0.945503 0.32557 160.571 0.993289 -0.0325294 -0.110988 -106.385 0.11553 0.323986 0.938981 -0.963664
0.109732 -0.90689 0.406829 160.487 0.991896 0.073539 -0.103608 -105.298 0.0640435 0.414901 0.90761 -0.931443
0.227597 -0.920199 0.318486 160.42 0.972839 0.200692 -0.115352 -104.292 0.042229 0.33609 0.940883 -0.920355
0.116051 -0.938034 0.326534 160.245 0.988678 0.077614 -0.128419 -103.258 0.0951174 0.33774 0.936421 -0.884202
0.0689263 -0.918799 0.388662 160.044 0.992467 0.0235975 -0.120222 -102.254 0.101288 0.394021 0.913503 -0.862627
0.160663 -0.921128 0.354556 159.838 0.986096 0.134355 -0.0977872 -101.265 0.0424381 0.365337 0.929907 -0.859796
-0.0469276 -0.963858 0.262252 159.534 0.995058 -0.0681082 -0.0722621 -100.231 0.0875119 0.257565 0.96229 -0.823041
0.021804 -0.966297 0.256503 159.348 0.996024 -0.0011712 -0.0890791 -99.1478 0.0863773 0.257425 0.96243 -0.777405
0.0112367 -0.985112 0.171549 159.074 0.997527 -0.000858945 -0.0702723 -98.1733 0.0693735 0.171914 0.982666 -0.802972
0.00728523 -0.997874 0.0647666 158.794 0.995062 0.000822482 -0.0992568 -97.1987 0.0989925 0.0651698 0.992952 -0.750104
-0.032686 -0.993149 0.11219 158.548 0.99759 -0.039293 -0.0571937 -96.2183 0.0612102 0.11005 0.992039 -0.726967
0.091122 -0.994258 0.056097 158.29 0.995778 0.0916012 0.00602669 -95.124 -0.0111306 0.055311 0.998407 -0.746483
0.0690593 -0.997518 -0.0137183 158.076 0.997588 0.0689541 0.00800026 -94.13 -0.00703447 -0.0142377 0.999874 -0.681214
-0.0822131 -0.995545 0.0461578 157.93 0.996614 -0.0820858 0.00464949 -93.0316 -0.000839882 0.0463838 0.998923 -0.66371
-0.0722374 -0.993217 0.0911166 157.776 0.997345 -0.0710843 0.0158421 -92.0419 -0.00925769 0.092019 0.995714 -0.650986
0.0564171 -0.993316 0.100702 157.568 0.994894 0.0643858 0.0777192 -90.978 -0.0836835 0.0958027 0.991876 -0.625955
-0.0423958 -0.990287 0.132416 157.357 0.983538 -0.0180655 0.179796 -89.9722 -0.175657 0.137859 0.974751 -0.64043
-0.0152068 -0.995848 0.089749 157.25 0.956663 0.0116142 0.290964 -88.8983 -0.290799 0.0902842 0.952515 -0.582579
-0.0195053 -0.999428 0.0276404 157.132 0.963903 -0.0114553 0.266006 -87.8376 -0.265537 0.0318312 0.963575 -0.545945
-0.0766127 -0.994537 -0.0709037 156.929 0.931171 -0.096791 0.3515 -86.7335 -0.356442 -0.0390941 0.933499 -0.478315
-0.161336 -0.979793 -0.118226 156.729 0.943512 -0.188262 0.272659 -85.6881 -0.289406 -0.0675578 0.954819 -0.466568
-0.1332 -0.990628 0.0302318 156.579 0.966276 -0.123022 0.226221 -84.7048 -0.220382 0.059345 0.973607 -0.447003
-0.111963 -0.987592 0.110117 156.393 0.979073 -0.0906828 0.182191 -83.6151 -0.169944 0.128211 0.977078 -0.489167
-0.108132 -0.991887 0.066834 156.233 0.982556 -0.0963989 0.159029 -82.5938 -0.151296 0.0828642 0.985009 -0.442231
-0.0870317 -0.987685 0.130014 156.123 0.982845 -0.0638278 0.173035 -81.4634 -0.162606 0.142843 0.976297 -0.434529
-0.0692583 -0.986366 0.149286 155.965 0.988205 -0.0473462 0.145632 -80.3175 -0.136578 0.157611 0.978011 -0.451611
-0.088189 -0.993756 0.0683499 155.744 0.985381 -0.0769928 0.151977 -79.3484 -0.145766 0.0807533 0.986018 -0.368751
-0.108738 -0.987098 0.117535 155.628 0.986949 -0.0930749 0.131407 -78.3406 -0.118772 0.13029 0.984336 -0.399624
-0.0536446 -0.991301 0.120189 155.5 0.992929 -0.0401894 0.111703 -77.3532 -0.105901 0.125331 0.986447 -0.385398
-0.0838108 -0.996362 0.0154706 155.318 0.994509 -0.0826584 0.0641803 -76.3385 -0.062668 0.0207646 0.997818 -0.292354
-0.11366 -0.989603 0.0881303 155.205 0.993494 -0.113852 0.00286025 -75.2294 0.00720331 0.0878819 0.996105 -0.317419
-0.0736958 -0.983354 0.166084 155.102 0.99675 -0.0671967 0.0444248 -74.1409 -0.0325251 0.168818 0.98511 -0.266314
0.0292578 -0.984594 0.172394 154.982 0.998281 0.0375431 0.0449967 -73.1512 -0.0507756 0.170781 0.984 -0.283146
-0.0249056 -0.98173 0.188645 154.757 0.998243 -0.0142724 0.0575166 -72.1026 -0.0537734 0.189746 0.98036 -0.22933
-0.168225 -0.969125 0.180267 154.493 0.983182 -0.151768 0.101589 -71.1353 -0.071094 0.194326 0.978357 -0.2031
0.0275057 -0.974858 0.221123 154.322 0.999622 0.0267853 -0.00625641 -70.0793 0.000176284 0.221211 0.975226 -0.227306
-0.0382924 -0.970262 0.239011 154.107 0.999124 -0.0331379 0.0255489 -69.0972 -0.0168688 0.23978 0.970681 -0.175634
-0.0889161 -0.970293 0.225003 153.933 0.995861 -0.0823308 0.0385023 -67.9841 -0.0188338 0.227495 0.973597 -0.165332
0.0045308 -0.963341 0.268243 153.781 0.999482 0.0129099 0.0294815 -66.8912 -0.0318637 0.26797 0.9629 -0.176577
0.0815772 -0.956773 0.279161 153.635 0.996645 0.0801682 -0.0164807 -65.7811 -0.0066115 0.279568 0.960103 -0.156025
-0.121653 -0.956461 0.265298 153.433 0.99232 -0.111168 0.0542434 -64.8002 -0.0223891 0.269859 0.962639 -0.103856
-0.224024 -0.909582 0.349963 153.259 0.973551 -0.192334 0.123314 -63.7216 -0.0448547 0.368332 0.928612 -0.0883203
-0.199696 -0.917905 0.342889 153.039 0.979621 -0.19472 0.0492642 -62.6631 0.0215473 0.345739 0.938083 -0.0794146
-0.197416 -0.938854 0.282099 152.798 0.980038 -0.182111 0.079756 -61.6813 -0.0235058 0.292213 0.956064 -0.0258787
-0.21735 -0.92498 0.311722 152.56 0.976082 -0.207533 0.0647615 -60.5985 0.00478963 0.318342 0.947964 -0.0176186
-0.126784 -0.9684 0.214774 152.447 0.991898 -0.122011 0.0353928 -59.4769 -0.0080696 0.217521 0.976022 0.0207835
-0.0287357 -0.990524 0.134297 152.319 0.998395 -0.0349995 -0.0445157 -58.388 0.0487942 0.132802 0.989941 0.0212755
0.0161067 -0.991315 0.130522 152.218 0.999848 0.0150906 -0.00877005 -57.3971 0.00672423 0.130643 0.991407 0.0919442
-0.0909112 -0.972096 0.216249 152.078 0.99462 -0.0778016 0.0683997 -56.4053 -0.0496666 0.221304 0.973939 0.108499
-0.0647411 -0.959076 0.275647 151.836 0.997691 -0.0565227 0.0376638 -55.3183 -0.0205422 0.277449 0.960521 0.0941484
-0.146384 -0.953815 0.262313 151.501 0.985088 -0.116319 0.126776 -54.2589 -0.0904085 0.27696 0.956619 0.137765
-0.18074 -0.951519 0.248885 151.243 0.981956 -0.160263 0.100391 -53.2953 -0.0556371 0.262539 0.963316 0.131954
-0.137881 -0.956586 0.256774 151.012 0.99 -0.125299 0.0648162 -52.197 -0.0298287 0.263143 0.964296 0.137073
-0.0441104 -0.979928 0.19441 150.812 0.997305 -0.0317734 0.0661275 -51.1263 -0.0586232 0.196803 0.978689 0.160621
-0.209269 -0.962548 0.172361 150.561 0.976461 -0.196281 0.0894251 -50.1215 -0.0522447 0.187018 0.980966 0.164484
-0.257442 -0.944009 0.206325 150.297 0.964793 -0.239217 0.109317 -49.1562 -0.0538399 0.227204 0.972358 0.194246
-0.268917 -0.931996 0.243039 149.86 0.962544 -0.251001 0.102505 -48.153 -0.0345316 0.261501 0.964585 0.186259
-0.288119 -0.936866 0.198167 149.453 0.95759 -0.282521 0.0565965 -47.2448 0.00296282 0.206069 0.978533 0.264473
-0.317746 -0.919683 0.230698 149.025 0.948175 -0.307811 0.0788466 -46.1995 -0.00150242 0.243795 0.969826 0.239757
-0.200638 -0.948815 0.243916 148.694 0.97915 -0.202291 0.0185247 -45.1406 0.0317654 0.242547 0.969619 0.260149
0.0829034 -0.950006 0.301024 148.526 0.996553 0.0780661 -0.0280854 -44.1166 0.00318151 0.302315 0.953203 0.293913
-0.0798226 -0.960265 0.267431 148.283 0.996363 -0.0688385 0.0502149 -43.128 -0.0298101 0.270466 0.962268 0.301216
-0.0603294 -0.948031 0.312407 148.127 0.998075 -0.052788 0.0325493 -42.0172 -0.0143664 0.313769 0.949391 0.347509
0.081433 -0.954475 0.286959 148.029 0.996637 0.0753516 -0.0321924 -40.9377 0.00910402 0.288616 0.957402 0.343863
0.0255447 -0.962334 0.270667 147.932 0.998489 0.0377411 0.0399511 -39.9355 -0.0486616 0.269237 0.961844 0.418263
-0.0425741 -0.944883 0.324628 147.834 0.998751 -0.0487591 -0.0109378 -38.945 0.0261636 0.323757 0.945778 0.436348
-0.0164945 -0.936109 0.351323 147.684 0.995684 -0.0474726 -0.0797448 -37.8664 0.091328 0.348492 0.932852 0.445235
0.098959 -0.939532 0.32785 147.554 0.994587 0.0828982 -0.062644 -36.7952 0.0316778 0.332275 0.94265 0.478963
-0.0186924 -0.929189 0.369133 147.439 0.998005 -0.0396071 -0.0491623 -35.7783 0.0603013 0.367478 0.928075 0.502136
0.0387254 -0.906955 0.419444 147.371 0.998823 0.0228722 -0.042761 -34.7786 0.0291887 0.420606 0.906774 0.525336
0.13267 -0.897641 0.420285 147.294 0.990947 0.111325 -0.0750421 -33.6827 0.0205727 0.426436 0.904284 0.54639
-0.00627691 -0.93263 0.36078 147.156 0.998853 -0.0229729 -0.0420077 -32.6209 0.0474658 0.360102 0.931705 0.61579
0.0494883 -0.921694 0.384748 147.116 0.99751 0.0262318 -0.0654647 -31.6205 0.0502458 0.387029 0.920697 0.645938
0.174338 -0.908359 0.380119 147.093 0.983126 0.138848 -0.119101 -30.6209 0.0554079 0.394469 0.917237 0.652539
0.0669442 -0.912486 0.403594 147.03 0.994743 0.0296248 -0.0980198 -29.5218 0.0774853 0.408034 0.909673 0.711129
-0.0255809 -0.900194 0.434736 146.958 0.998492 -0.0441352 -0.0326355 -28.4737 0.0485655 0.433246 0.899966 0.749772
0.0974114 -0.905107 0.413876 146.879 0.993953 0.0672993 -0.0867635 -27.4283 0.0506767 0.419825 0.906189 0.744966
0.0221968 -0.881681 0.471324 146.766 0.996274 -0.0197946 -0.0839479 -26.3264 0.0833449 0.471431 0.877956 0.808831
-0.0535065 -0.895352 0.442132 146.642 0.99756 -0.0678125 -0.0166016 -25.2658 0.0448464 0.440165 0.896796 0.82758
0.0824128 -0.887135 0.454092 146.521 0.993914 0.0397466 -0.102734 -24.2738 0.0730902 0.459796 0.885012 0.817954
-0.12003 -0.886858 0.44618 146.298 0.990755 -0.13563 -0.00305836 -23.1965 0.0632277 0.441688 0.894938 0.876135
-0.126253 -0.878039 0.461637 146.095 0.991275 -0.129434 0.0249175 -22.2001 0.0378731 0.460755 0.886719 0.895268
-0.148022 -0.887239 0.436917 145.763 0.982555 -0.182223 -0.037158 -21.149 0.112584 0.423795 0.898734 0.913566
-0.249321 -0.874816 0.415374 145.368 0.965512 -0.257765 0.0366547 -20.2121 0.0750027 0.410187 0.908912 0.96908
-0.318228 -0.85416 0.411268 145.016 0.945033 -0.3202 0.0662191 -19.1723 0.0751267 0.409735 0.909106 0.976458
-0.307808 -0.839589 0.4476 144.586 0.945805 -0.321172 0.047976 -18.1381 0.103476 0.438109 0.892946 0.984473
-0.251006 -0.864013 0.436437 144.121 0.965574 -0.255295 0.0499195 -17.1218 0.0682889 0.433942 0.898349 1.0184
-0.358032 -0.823368 0.440316 143.647 0.929634 -0.358355 0.0858051 -16.2156 0.0871403 0.440054 0.893733 1.0717
-0.404365 -0.793149 0.455416 143.133 0.906015 -0.415434 0.0809359 -15.207 0.125001 0.445342 0.886592 1.1148
-0.390155 -0.795808 0.463109 142.559 0.912711 -0.400586 0.080562 -14.2553 0.121403 0.454116 0.882632 1.08592
-0.327164 -0.851157 0.410482 142.029 0.944918 -0.299103 0.132916 -13.401 0.00964441 0.431357 0.90213 1.13873
-0.43984 -0.770243 0.461809 141.545 0.895826 -0.412669 0.164926 -12.5283 0.0635412 0.486241 0.871511 1.12097
-0.389606 -0.791901 0.470212 141.033 0.916666 -0.382798 0.114843 -11.5053 0.0890524 0.475771 0.875049 1.14547
-0.260661 -0.858258 0.442097 140.572 0.965386 -0.236103 0.110838 -10.6182 0.00925313 0.455685 0.890093 1.17977
-0.379382 -0.801139 0.462868 140.108 0.921758 -0.370621 0.114028 -9.69645 0.0801962 0.469912 0.879063 1.18694
-0.331059 -0.800734 0.499224 139.603 0.939956 -0.32636 0.0998609 -8.68643 0.0829646 0.502308 0.860699 1.22296
-0.184637 -0.885231 0.426936 139.07 0.982249 -0.180842 0.049827 -7.68374 0.0330994 0.428558 0.902908 1.19565
-0.197298 -0.921445 0.334683 138.574 0.978525 -0.164316 0.124453 -6.70556 -0.0596828 0.35205 0.934076 1.28608
-0.193782 -0.932722 0.304101 138.162 0.980756 -0.176662 0.0831176 -5.65655 -0.0238024 0.314356 0.949007 1.29484
-0.126596 -0.940877 0.314203 137.753 0.9907 -0.104001 0.087734 -4.63257 -0.0498695 0.322387 0.945293 1.32667
-0.113706 -0.949904 0.291124 137.254 0.993508 -0.109777 0.0298513 -3.61206 0.00360288 0.292628 0.95622 1.3425
-0.189772 -0.943532 0.271541 136.743 0.980526 -0.167889 0.101891 -2.67867 -0.0505492 0.285589 0.957018 1.40877
-0.263674 -0.93892 0.221147 136.293 0.962227 -0.239907 0.128696 -1.78039 -0.0677804 0.246727 0.966712 1.43983
-0.187598 -0.951666 0.243184 135.824 0.982236 -0.180644 0.0507963 -0.808486 -0.00441148 0.248393 0.968649 1.45206
-0.265162 -0.935489 0.233559 135.33 0.960235 -0.234251 0.151905 0.112991 -0.0873941 0.264552 0.960403 1.49132
-0.337781 -0.906884 0.251922 134.862 0.940978 -0.319243 0.112449 1.01859 -0.0215541 0.275036 0.961192 1.50419
-0.284649 -0.928941 0.236735 134.32 0.958442 -0.280696 0.0509824 1.99997 0.0190909 0.241408 0.970236 1.50941
-0.228153 -0.958816 0.169167 133.762 0.973479 -0.221636 0.0567101 2.96212 -0.0168812 0.177619 0.983955 1.54035
-0.277197 -0.950079 0.143219 133.195 0.960811 -0.273821 0.0431676 3.84148 -0.00179613 0.149573 0.988749 1.53973
-0.261408 -0.954106 0.146107 132.645 0.964917 -0.262159 0.0144353 4.819 0.0245306 0.144755 0.989163 1.56943
-0.13202 -0.984698 0.113755 132.142 0.990951 -0.133911 -0.00911454 5.82504 0.0242082 0.111523 0.993467 1.54573
-0.126507 -0.986756 0.101535 131.699 0.989285 -0.117983 0.0859969 6.75192 -0.0728785 0.111327 0.991108 1.61051
-0.169484 -0.976411 0.133781 131.287 0.983999 -0.160084 0.0782215 7.71744 -0.0549601 0.144898 0.987919 1.60821
-0.165146 -0.974254 0.153482 130.834 0.985777 -0.158138 0.0568843 8.62001 -0.0311484 0.160694 0.986513 1.60666
-0.198375 -0.977601 0.0703082 130.298 0.978705 -0.193715 0.0679035 9.5634 -0.0527627 0.0822813 0.995211 1.65828
-0.274517 -0.952621 0.130971 129.83 0.961347 -0.268881 0.0592844 10.499 -0.0212601 0.142183 0.989612 1.67707
-0.277842 -0.950754 0.137368 129.35 0.960326 -0.27132 0.0644987 11.3808 -0.0240516 0.149839 0.988418 1.669
-0.267412 -0.9597 0.0864104 128.862 0.957706 -0.254822 0.133658 12.2886 -0.106253 0.118498 0.987253 1.7128
-0.364121 -0.923612 0.119816 128.326 0.930367 -0.354798 0.0923933 13.2729 -0.0428251 0.145115 0.988488 1.72628
-0.238726 -0.959073 0.15228 127.986 0.967873 -0.222244 0.117599 14.3009 -0.0789422 0.175462 0.981316 1.76161
-0.180927 -0.973227 0.141759 127.58 0.98248 -0.172302 0.0710222 15.2954 -0.0446954 0.152125 0.98735 1.77879
-0.48461 -0.874205 0.0302999 126.921 0.870875 -0.478936 0.110438 16.1063 -0.0820337 0.0799068 0.993421 1.84493
-0.640491 -0.767161 0.035156 126.039 0.767581 -0.638049 0.0609372 16.7923 -0.0243174 0.0660148 0.997522 1.91099
-0.698425 -0.710507 0.0859151 125.118 0.714521 -0.685409 0.140267 17.346 -0.0407736 0.159354 0.986379 1.91437
-0.786124 -0.618045 0.00551424 124.117 0.607262 -0.770686 0.193068 17.7763 -0.115075 0.155124 0.98117 1.96742
-0.874149 -0.485638 0.00437699 123.142 0.478517 -0.859721 0.178608 18.1788 -0.0829759 0.158225 0.983911 1.83845
-0.966392 -0.25628 -0.0201629 122.078 0.246475 -0.945987 0.210613 18.4772 -0.0730498 0.198565 0.977362 1.77025
-0.985302 -0.137604 -0.101219 121.028 0.112755 -0.969018 0.219751 18.5258 -0.128322 0.205109 0.970291 1.74731
-0.993599 0.0369368 -0.106752 119.95 -0.0588639 -0.975881 0.210219 18.3764 -0.0964119 0.215157 0.971809 1.77325
-0.962875 0.222211 -0.153278 118.892 -0.247457 -0.953469 0.172225 18.0567 -0.107876 0.20376 0.973059 1.7783
-0.959204 0.23817 -0.152323 117.934 -0.258529 -0.956988 0.131667 17.6879 -0.114412 0.165676 0.979521 1.75553
-0.877287 0.468609 -0.103796 117.074 -0.476683 -0.87592 0.0744089 17.1118 -0.056048 0.114756 0.991811 1.89466
-0.808076 0.570068 -0.148443 116.312 -0.583799 -0.808652 0.0725342 16.4533 -0.078689 0.145274 0.986257 1.92975
-0.843194 0.514711 -0.155231 115.514 -0.531711 -0.841077 0.0993636 15.6932 -0.0794178 0.166321 0.982868 1.89852
-0.85784 0.498627 -0.124426 114.77 -0.509044 -0.857687 0.072433 14.864 -0.0706013 0.125474 0.989582 1.9448
-0.906984 0.406186 -0.111321 113.92 -0.41866 -0.898308 0.133292 14.185 -0.0458594 0.167499 0.984805 1.91211
-0.967533 0.213844 -0.134725 113.024 -0.23161 -0.963547 0.133915 13.6314 -0.101177 0.160771 0.981792 1.87232
-0.99527 0.0133942 -0.0962222 112.093 -0.0276502 -0.988542 0.148393 13.2787 -0.093132 0.150352 0.984236 1.86902
-0.989499 0.0542504 -0.133975 111.046 -0.0801647 -0.97725 0.196355 12.9131 -0.120275 0.205033 0.971337 1.85005
-0.983472 0.117124 -0.138072 110.003 -0.150517 -0.952724 0.263934 12.6337 -0.100632 0.280355 0.954607 1.8424
-0.996479 0.0734559 -0.0404095 108.99 -0.08226 -0.949719 0.302104 12.3818 -0.0161863 0.304365 0.952418 1.83355
-0.967036 -0.212132 0.140861 107.936 0.244373 -0.928615 0.279205 12.2431 0.0715772 0.304424 0.949843 1.84819
-0.652655 -0.682068 0.329887 107.187 0.752745 -0.633227 0.179998 12.5155 0.0861225 0.365798 0.926701 1.82346
-0.243869 -0.888678 0.388304 106.676 0.967615 -0.249872 0.0358351 13.1884 0.0651805 0.384468 0.920835 1.83529
-0.242663 -0.898784 0.365106 106.285 0.965458 -0.186928 0.181516 14.1372 -0.0948948 0.396542 0.913099 1.83641
-0.606781 -0.763828 0.219964 105.618 0.791973 -0.557359 0.249259 14.88 -0.0677921 0.325452 0.943125 1.80221
-0.790576 -0.596486 0.138545 104.746 0.607544 -0.735682 0.299436 15.4844 -0.0766844 0.320899 0.944004 1.79915
-0.882196 -0.452189 0.131359 103.812 0.467137 -0.805321 0.365022 15.9713 -0.0592725 0.383383 0.921685 1.76836
-0.874328 -0.449118 0.183969 102.908 0.484582 -0.786706 0.382457 16.4569 -0.0270387 0.423541 0.905473 1.76042
-0.788053 -0.574186 0.221995 101.992 0.608709 -0.672961 0.420234 17.0556 -0.0918987 0.466298 0.879842 1.74289
-0.664019 -0.680702 0.309392 101.274 0.744639 -0.564521 0.35613 17.7488 -0.0677602 0.466862 0.88173 1.75291
-0.553792 -0.705235 0.442671 100.59 0.832462 -0.480377 0.276124 18.6251 0.0179165 0.521423 0.85311 1.75508
-0.334725 -0.858047 0.389505 100.002 0.941323 -0.323441 0.0964208 19.5236 0.0432485 0.398924 0.915963 1.84598
-0.250595 -0.830492 0.49748 99.434 0.965895 -0.249092 0.0707158 20.3613 0.0651893 0.498234 0.864589 2.01792
0.157475 -0.817176 0.554459 99.2953 0.963025 0.00279314 -0.269398 21.2395 0.218597 0.576381 0.787401 2.06474
0.641908 -0.686735 0.341099 99.5574 0.705752 0.355224 -0.612969 21.5398 0.299781 0.634201 0.712686 2.05555
0.966397 -0.256392 -0.0184246 99.6987 0.176432 0.713721 -0.677845 21.4522 0.186944 0.651817 0.734974 2.01879
0.915477 0.203249 -0.347263 99.7376 -0.376358 0.737814 -0.560343 21.417 0.142326 0.643677 0.751947 2.04756
0.733403 0.504526 -0.455603 99.877 -0.666923 0.663806 -0.338489 21.3548 0.131655 0.552101 0.823317 2.05338
0.680852 0.729108 -0.0695872 99.9882 -0.730251 0.668456 -0.14107 21.3437 -0.0563395 0.146864 0.987551 2.06316
