1744533292.1634247
1744533293.7224035
1744533294.5295761
1744533295.26841
1744533295.9395444
1744533296.8855848
1744533297.2852356
1744533297.6229706
1744533298.0193529
1744533298.5609233
1744533299.0296338
1744533299.431149
1744533299.9679694
1744533300.376025
1744533300.714186
1744533301.3186297
1744533301.9903824
1744533302.60004
1744533303.1994383
1744533303.6723204
1744533304.2087584
1744533304.7423151
1744533305.2884901
1744533305.8221521
1744533306.3589067
1744533306.8995032
1744533307.5059495
1744533308.0445938
1744533308.5817244
1744533309.2504606
1744533309.724932
1744533309.9923692
1744533310.2594776
1744533310.5987647
1744533311.0037799
1744533311.2698634
1744533311.6038356
1744533311.9407184
1744533312.3454025
1744533312.9489584
1744533313.5600736
1744533314.1539896
1744533314.767648
1744533315.3716657
1744533315.9748549
1744533316.5807467
1744533317.1904421
1744533317.8619423
1744533318.4660032
1744533319.0011055
1744533319.5337059
1744533320.0776975
1744533320.677134
1744533321.3508408
1744533321.8921504
1744533322.497772
1744533323.036011
1744533323.6386268
1744533324.175679
1744533324.6440189
1744533325.1795321
1744533325.7148597
1744533326.1860094
1744533326.686511
1744533327.2632332
1744533327.8699567
1744533328.4091361
1744533328.9454157
1744533329.4831209
1744533330.0154619
1744533330.4914515
1744533331.0315385
1744533331.5721939
1744533332.1069975
1744533332.6453612
1744533333.1831942
1744533333.7206435
1744533334.1913474
1744533334.6644268
1744533335.0666809
1744533335.5376568
1744533336.0771711
1744533336.5501184
1744533337.0890687
1744533337.5593383
1744533338.0996659
1744533338.5691314
1744533339.0396574
1744533339.5767713
1744533340.1146979
1744533340.5819199
1744533341.1223602
1744533341.7249823
1744533342.3269184
1744533342.7998226
1744533343.3392594
1744533343.8757937
1744533344.4124517
1744533344.9485292
1744533345.5599449
1744533346.0933478
1744533346.7039766
1744533347.3045683
1744533347.843534
1744533348.3858764
1744533348.9231093
1744533349.458518
1744533349.9965048
1744533350.4653401
1744533351.0702696
1744533351.4748483
1744533351.7482653
1744533352.0786452
1744533352.4843781
1744533352.8186839
1744533353.1562071
1744533353.557616
1744533353.8942146
1744533354.3044081
1744533354.7045455
1744533355.1106346
1744533355.7123523
1744533356.0481842
1744533356.3802266
1744533356.6513407
1744533356.986486
1744533357.5256433
1744533358.011193
1744533358.6772299
1744533359.3516328
1744533359.9527345
1744533360.666991
1744533361.0562847
1744533361.567323
1744533362.1047549
1744533362.6423697
1744533363.2402029
1744533363.7835641
1744533364.3214753
1744533364.7940807
1744533365.3316152
1744533365.8220119
1744533366.3377221
1744533366.8840098
1744533367.4154613
1744533367.9525146
1744533368.415766
1744533368.8924522
1744533369.4298298
1744533369.9010935
1744533370.3646901
1744533370.9035015
1744533371.3770375
1744533371.8483922
1744533372.3158636
1744533372.7926021
1744533373.2601945
1744533373.8003535
1744533374.2679193
1744533374.8070154
1744533375.3454547
1744533375.8802698
1744533376.3512714
1744533376.8239157
1744533377.3591924
1744533377.9000812
1744533378.4372177
1744533378.9761186
1744533379.5831473
1744533380.1237547
1744533380.6630108
1744533381.1968668
1744533381.6681876
1744533382.2069407
1744533382.7487507
1744533383.2828598
1744533383.8214786
1744533384.3597655
1744533384.8975351
1744533385.4987946
1744533386.0393245
1744533386.6433351
1744533387.2505636
1744533388.0583751
1744533388.66081
1744533389.3740149
1744533389.8663406
1744533390.3413205
1744533391.0796628
1744533391.4135208
1744533391.7504823
1744533392.1571863
1744533392.4262047
1744533392.8959246
1744533393.2988234
1744533393.5662267
1744533393.9065619
1744533394.239466
1744533394.5806005
1744533394.9148834
1744533395.3804011
1744533395.923938
1744533396.2667172
1744533396.6008062
1744533397.0066085
1744533397.2548032
1744533397.4742732
1744533397.7408142
1744533398.0179548
1744533398.2793658
1744533398.550108
1744533398.8186412
1744533399.1575866
1744533399.4920671
1744533399.8264761
1744533400.0995462
1744533400.4341791
1744533400.7694945
1744533401.1059361
1744533401.5017014
1744533401.7711461
1744533402.1753395
1744533402.513135
1744533402.7847142
1744533403.1878409
1744533403.4609139
1744533403.7235456
1744533404.0565119
1744533404.3949308
1744533404.7359734
1744533405.0031941
1744533405.2668602
1744533405.6077185
1744533405.9404023
1744533406.2751894
1744533406.482342
1744533406.7522669
1744533407.0880978
1744533407.494303
1744533408.094943
1744533408.704102
1744533409.2417717
1744533409.7797778
1744533410.3796964
1744533410.9873476
1744533411.5268166
1744533412.1312068
1744533412.6641417
1744533413.0952647
1744533413.6260722
1744533414.2057757
1744533414.7525904
1744533415.2880561
1744533415.8931582
1744533416.5654795
1744533417.1708555
1744533417.7019155
1744533418.3114092
1744533418.9139402
1744533419.5149844
1744533420.1783564
1744533420.9938269
1744533421.9351292
1744533422.7384279
1744533423.2089448
1744533423.6164253
1744533424.0214622
1744533424.4902933
1744533424.8289874
1744533425.2316201
1744533426.0366819
1744533426.6450284
1744533427.5167668
1744533428.3878582
1744533429.3876483
1744533429.8063705
1744533430.4098852
1744533431.0171778
1744533431.5564311
1744533432.1627769
1744533432.7659805
1744533433.3065197
1744533433.8368859
1744533434.3850482
1744533434.9180515
1744533435.5246589
1744533436.0615869
1744533436.6037292
1744533437.1374762
1744533437.6127243
1744533438.2151968
1744533438.8170307
1744533439.423959
1744533440.0367649
1744533440.5697286
1744533441.1678643
1744533441.7164502
1744533442.25787
1744533442.7909064
1744533443.3263106
1744533443.8794682
1744533444.4045022
1744533444.8849452
1744533445.5000575
1744533446.0201976
1744533446.4967732
1744533447.0944779
1744533447.6328306
1744533448.170733
1744533448.7068064
1744533449.2496002
1744533449.781961
1744533450.3193102
1744533450.865412
1744533451.3978796
1744533451.9352434
1744533452.4369218
1744533452.9521744
1744533453.4826431
1744533454.0188029
1744533454.5605817
1744533455.0967722
1744533455.6283391
1744533456.1726055
1744533456.7105162
1744533457.1814065
1744533457.7209637
1744533458.2514126
1744533458.7885256
1744533459.3248422
1744533459.8678973
1744533460.3309846
1744533460.8716309
1744533461.407227
1744533461.9484596
1744533462.4846008
1744533462.9612503
1744533463.4922507
1744533464.0977983
1744533464.6388202
1744533465.179013
1744533465.7117739
1744533466.3128378
1744533466.8627203
1744533467.3984029
1744533467.9349325
1744533468.4137177
1744533468.9492621
1744533469.4819782
1744533470.0918348
1744533470.6268845
1744533471.1635211
1744533471.7171745
1744533472.2422404
1744533472.7759981
1744533473.3122323
1744533473.8513489
1744533474.5250831
1744533475.1291978
1744533475.7358549
1744533476.2705598
1744533476.8701866
1744533477.4744158
1744533478.0156791
1744533478.6105151
1744533479.2179315
1744533479.8316655
1744533480.4359713
1744533481.049304
1744533481.7128584
1744533482.3790865
1744533483.1207163
1744533483.8004351
1744533484.4688659
1744533485.1448417
1744533485.7456629
1744533486.3504527
1744533486.9554162
1744533487.5626357
1744533488.1660404
1744533488.9101932
1744533489.5196278
1744533489.9806101
1744533490.5217087
1744533490.9332669
1744533491.3999658
1744533491.8685377
1744533492.40291
1744533492.8165343
1744533493.2805836
1744533493.6150198
1744533493.8814018
1744533494.350312
1744533494.8850684
1744533495.4982607
1744533496.1054964
1744533496.7080958
1744533497.2470546
1744533497.7833455
1744533498.3201122
1744533498.8571746
1744533499.3967869
1744533499.8654385
1744533500.4739974
1744533501.0050471
1744533501.558254
1744533502.0875025
1744533502.6239481
1744533503.1623147
1744533503.6281729
1744533504.1689556
1744533504.7100401
1744533505.2462876
1744533505.788516
1744533506.3230412
1744533506.8637154
1744533507.2625892
1744533507.7385936
1744533508.2752247
1744533508.8167911
1744533509.349993
1744533509.8826528
1744533510.4284275
1744533511.0321229
1744533511.6377814
1744533512.1730554
1744533512.6462388
1744533513.2563722
1744533513.7892008
1744533514.3208213
1744533514.7992103
1744533515.2020431
1744533515.7397974
1744533516.2832515
1744533516.8152585
1744533517.2882085
1744533517.7591424
1744533518.2296176
1744533518.7012904
1744533519.1691222
1744533519.6411934
1744533520.1096141
1744533520.6475499
1744533521.1195803
1744533521.589833
1744533522.1268377
1744533522.6673834
1744533523.0700562
1744533523.6065624
1744533524.1443574
1744533524.6814725
1744533525.2218647
1744533525.7636547
1744533526.2883711
1744533526.8358247
1744533527.3742733
1744533527.9108367
1744533528.4503117
1744533528.9883132
1744533529.526453
1744533530.0633345
1744533530.5715706
1744533531.0083187
1744533531.5423207
1744533532.0799844
1744533532.5488501
1744533533.0178444
1744533533.4912641
1744533533.9621263
1744533534.4262791
1744533534.9689472
1744533535.5073342
1744533535.9800472
1744533536.450212
1744533536.9876785
1744533537.4658248
1744533537.9280651
1744533538.448298
1744533539.0058472
1744533539.4525824
1744533539.8782744
1744533540.3493679
1744533540.8214908
1744533541.2920065
1744533541.7652514
1744533542.2273896
1744533542.703825
1744533543.2485573
1744533543.7126727
1744533544.252049
1744533544.7905962
1744533545.3252993
1744533545.8668292
1744533546.3364911
1744533546.8738599
1744533547.4122047
1744533547.9468818
1744533548.4892104
1744533549.0236599
1744533549.5658586
1744533550.0360289
1744533550.5715847
1744533551.1118553
1744533551.6513557
1744533552.1918547
1744533552.724411
1744533553.3267519
1744533553.8655663
1744533554.3307219
1744533554.9418917
1744533555.4410343
1744533555.8832581
1744533556.4241035
1744533556.9601264
1744533557.4959867
1744533557.9683535
1744533558.5060499
1744533559.0462482
1744533559.5845568
1744533560.0559924
1744533560.5909023
1744533561.1277235
1744533561.6684687
1744533562.2047675
1744533562.6806834
1744533563.211139
1744533563.7589841
1744533564.2865343
1744533564.82832
1744533566.051357
1744533566.395417
1744533566.8012695
1744533567.1488891
1744533567.5016587
1744533567.9829059
1744533568.5190744
1744533569.0498796
1744533569.5992296
1744533570.070677
1744533570.607626
1744533571.1464617
1744533571.6807806
1744533572.2201431
1744533572.8219163
1744533573.3641768
1744533573.8292811
1744533574.3654938
1744533574.9085717
1744533575.4473202
1744533575.9899848
1744533576.5222158
1744533577.0623865
1744533577.5788345
1744533578.0697699
1744533578.6118469
1744533579.1468284
1744533579.6888602
1744533580.223855
1744533580.6973693
1744533581.1634529
1744533581.7071905
1744533582.2391334
1744533582.7778518
1744533583.3143303
1744533583.8529778
1744533584.3933759
1744533584.8623247
1744533585.3330798
1744533585.8013344
1744533586.330992
1744533586.8699632
1744533587.4142625
1744533587.9517474
1744533588.422466
1744533588.9671021
1744533589.4332957
1744533589.9000764
1744533590.3633177
1744533590.9052179
1744533591.374671
1744533591.8453228
1744533592.3172185
1744533592.7812598
1744533593.2583265
1744533593.7293692
1744533594.1619015
1744533594.6710618
1744533595.2103918
1744533595.7481205
1744533596.2870927
1744533596.8275957
1744533597.3626552
1744533597.9008875
1744533598.441834
1744533598.9786594
1744533599.5217588
1744533600.0591803
1744533600.5978982
1744533601.0857065
1744533601.6078823
1744533602.1418364
1744533602.6823776
1744533603.218792
1744533603.7558002
1744533604.2285082
1744533604.7636912
1744533605.297313
1744533605.7695234
1744533606.3058555
1744533606.8455427
1744533607.3842807
1744533607.9261448
1744533608.4650857
1744533608.9405892
1744533609.4736657
1744533610.011025
1744533610.5467443
1744533611.151701
1744533611.5548043
1744533611.8226576
1744533612.0912902
1744533612.359164
1744533612.6961312
1744533613.099858
1744533613.4374042
1744533613.705066
1744533613.9738016
1744533614.3128853
1744533614.7815275
1744533615.2571099
1744533615.7931192
1744533616.1954529
1744533616.4673395
1744533616.6699073
1744533616.8682706
1744533617.1386464
1744533617.4053872
1744533617.6745131
1744533617.9421768
1744533618.2076175
1744533618.5490575
1744533619.0181687
1744533619.5604651
1744533620.0306447
1744533620.5015876
1744533620.9732559
1744533621.4445431
1744533621.9152575
1744533622.3838143
1744533622.8572514
1744533623.3256669
1744533623.8653135
1744533624.3331261
1744533624.8044353
1744533625.3386459
1744533625.7705119
1744533626.2137854
1744533626.7571125
1744533627.2903752
1744533627.8302605
1744533628.3003447
1744533628.7700086
1744533629.2411869
1744533629.7107289
1744533630.182534
1744533630.6507249
1744533631.1221204
1744533631.5908144
1744533632.0625238
1744533632.5314202
1744533632.9346766
1744533633.4762022
1744533633.9500756
1744533634.4156034
1744533634.8857732
1744533635.3571136
1744533635.8287969
1744533636.2978725
1744533636.7726262
1744533637.311357
1744533637.8433249
1744533638.3099244
1744533638.8565044
1744533639.3887033
1744533639.9257901
1744533640.4646912
1744533640.9335191
1744533641.5431094
1744533642.0774176
1744533642.6159863
1744533643.155612
1744533643.6942229
1744533644.2263865
1744533644.7020767
1744533645.2393951
1744533645.7775474
1744533646.2474537
1744533646.7236788
1744533647.2587545
1744533647.7301092
1744533648.1994915
1744533648.6043396
1744533649.0794699
1744533649.5489521
1744533650.0869811
1744533650.5561504
1744533651.0280578
1744533651.4985406
1744533652.0347812
1744533652.5060158
1744533653.0433743
1744533653.5153403
1744533654.0544276
1744533654.5254884
1744533655.0604339
1744533655.5974066
1744533656.1020567
1744533656.6042464
1744533657.0790539
1744533657.6193943
1744533658.0926707
1744533658.6302507
1744533659.1697531
1744533659.6389837
1744533660.1128104
1744533660.5825675
1744533661.0523095
1744533661.5913436
1744533662.1293046
1744533662.5946386
1744533663.0670545
1744533663.5379808
1744533664.0170212
1744533664.4780953
1744533665.0200088
1744533665.5555649
1744533666.0917723
1744533666.5718834
1744533667.1006794
1744533667.6392386
1744533668.1125047
1744533668.6501365
1744533669.1920395
1744533669.7319734
1744533670.1962757
1744533670.6679587
1744533671.2053173
1744533671.6790397
1744533672.1462727
1744533672.6831739
1744533673.2219021
1744533673.6929891
1744533674.1664343
1744533674.7028923
1744533675.1737907
1744533675.7139695
1744533676.2478316
1744533676.7899914
1744533677.2599492
1744533677.793134
1744533678.3319588
1744533678.8022294
1744533679.2133825
1744533679.7381947
1744533680.2790427
1744533680.749455
1744533681.2261558
1744533681.7607198
1744533682.2315888
1744533682.6999619
1744533683.1676722
1744533683.6389365
1744533684.1127348
1744533684.5830715
1744533685.0525308
1744533685.5234823
1744533685.9936237
1744533686.4646199
1744533686.9269433
1744533687.4115825
1744533687.8793681
1744533688.4153585
1744533688.960222
1744533689.4951408
1744533689.9663486
1744533690.4962707
1744533691.0351346
1744533691.5112863
1744533691.9825699
1744533692.5197806
1744533692.9914813
1744533693.4615138
1744533694.0009968
1744533694.5323374
1744533695.009769
1744533695.5427773
1744533696.0815001
1744533696.6252625
1744533697.0891526
1744533697.5614963
1744533698.0967829
1744533698.5688713
1744533699.0396461
1744533699.5766494
1744533700.1170673
1744533700.5924044
1744533701.1272719
1744533701.663522
1744533702.1367619
1744533702.5539029
1744533703.0072424
1744533703.4810178
1744533703.9567235
1744533704.4184673
1744533704.8899732
1744533705.4272566
1744533705.9631076
1744533706.5010247
1744533706.9756408
1744533707.5114117
1744533708.0514088
1744533708.5839498
1744533709.2011762
1744533709.7321749
1744533710.2668269
1744533710.8073897
1744533711.2722747
1744533711.7441747
1744533712.2226126
1744533712.6915455
1744533713.224473
1744533713.7601509
1744533714.2991111
1744533714.8406036
1744533715.3776078
1744533715.916667
1744533716.453335
1744533716.9892781
1744533717.5986004
1744533718.1058323
1744533718.6691914
1744533719.2717803
1744533719.8144727
1744533720.3582971
1744533720.8969347
1744533721.4302492
1744533722.0335824
1744533722.5740769
1744533723.18331
1744533723.7175627
1744533724.3851893
1744533725.05513
1744533725.5941861
1744533725.9042044
1744533726.1381512
1744533726.878257
1744533727.8860528
