%YAML:1.0

# be cautious that whether the rosmsg of the image is compressed
# if_compressed: false
# image_topic: /camera/color/image_raw
if_compressed: true
image_topic: /camera/color/image_raw/compressed

image_width: 1280
image_height: 720
cam_fx: 638.8312988
cam_fy: 638.0058594
cam_cx: 630.717346
cam_cy: 402.43557739
cam_d0: -0.056032
cam_d1: 0.0686575
cam_d2: -0.001185
cam_d3: 0.0001086
cam_d4: -0.021965

CameraExtrinsics:  # camera to imu
    time_offset: 0.00
    Trans: [-0.0115, -0.0242, 0.0545]
    Rot: [-0.00113207, -0.0158688, 0.999873,
           -0.9999999, -0.000486594, -0.00113994,
           0.000504622, -0.999874, -0.0158682]