%YAML:1.0

# be cautious that whether the rosmsg of the image is compressed
# if_compressed: false
# image_topic: /camera/color/image_raw
if_compressed: true
image_topic: /camera/color/image_raw/compressed

image_width: 1280
image_height: 720
cam_fx: 636.2315673828125
cam_fy: 635.4095458984375
cam_cx: 630.7173461914062
cam_cy: 362.4355773925781
cam_d0: -0.056032437831163406
cam_d1: 0.0686575248837471
cam_d2: -0.0011853401083499193
cam_d3: 0.00010860788461286575
cam_d4: -0.021965153515338898

CameraExtrinsics:  # camera to imu
    time_offset: 0.00
    Trans: [-0.066, -0.04749, -0.0128]
    Rot: [-0.00113207, -0.0158688, 0.999873,
           -0.9999999, -0.000486594, -0.00113994,
           0.000504622, -0.999874, -0.0158682]