10.8925
24.5991
25.4473
31.3268
32.6588
32.346
32.8864
32.9257
30.591
66.4811
48.8368
51.6294
54.2213
52.1822
47.7322
49.926
52.0242
51.6506
51.0313
52.1461
48.9962
48.9184
44.9165
44.3307
43.4691
49.205
44.2962
45.9047
48.1267
44.6471
47.9565
43.4144
59.1577
48.6865
43.9036
47.4684
45.0271
45.1891
44.8293
49.4094
46.115
45.4974
44.1292
54.3366
47.0406
44.8523
45.0698
44.384
44.3569
43.3464
44.6858
49.5076
43.5422
45.1488
43.7529
43.5684
43.636
45.7257
45.3019
46.1715
45.1526
45.0415
45.4626
43.4645
50.4812
46.5816
46.7236
47.929
50.0598
53.8389
48.2222
47.2714
49.9414
48.4695
45.7951
42.4912
42.9923
42.9048
45.2584
52.1929
46.1328
45.7022
48.5875
47.0168
42.4721
43.9016
45.9652
42.2951
45.1441
44.8967
49.1213
43.1305
70.1156
47.5728
43.1294
39.57
41.3119
43.0251
41.4015
40.0179
40.6404
41.2304
41.1431
40.5484
55.5554
45.2008
44.2691
38.1303
48.2325
48.0009
47.6152
48.8857
45.7401
52.4106
48.6957
45.6562
42.2685
44.4884
49.1524
41.4562
46.3213
46.8395
50.2706
48.4373
46.6208
44.4441
43.6815
47.8584
53.566
42.5506
41.3114
43.0569
44.0499
52.7038
53.4364
45.4703
46.2635
43.9839
44.4711
39.9385
46.403
45.5466
50.4569
44.6311
45.9713
38.8249
44.7337
41.0577
47.316
41.198
40.8253
44.6689
40.3868
38.5835
40.2297
45.0581
42.3198
45.1164
42.0776
46.934
46.0587
42.34
40.7436
42.9932
49.2597
43.7556
42.044
44.1607
41.4258
41.4579
43.4476
43.4131
40.7385
43.5823
42.2827
41.4014
42.7588
43.2126
43.8273
42.1412
45.3852
42.0298
41.2501
43.0895
43.5155
43.665
41.8623
43.7521
42.5232
43.3738
42.7106
44.2609
43.3967
43.3095
41.1544
40.8301
49.3597
46.3268
43.2797
44.1892
43.4799
48.6535
46.4074
50.9897
44.281
43.7082
41.2311
45.9871
45.4845
44.6217
46.678
44.4277
41.3994
40.1101
41.428
51.2928
45.4632
42.2409
42.6083
44.4215
43.8101
45.153
42.2835
43.7287
47.1134
44.1851
45.0621
43.7318
45.723
47.5046
43.5047
47.1559
56.6234
45.5826
48.6155
46.3586
40.9651
44.1056
50.1788
44.1965
45.3126
53.0499
44.0339
49.6726
41.5944
43.564
41.5196
44.0246
49.9242
80.3292
52.4798
48.8706
45.2315
47.7938
39.0281
37.8172
54.429
39.9887
41.5425
54.3501
39.5842
42.2207
45.5921
39.8733
40.1396
45.9917
44.9013
41.2965
39.533
48.1409
47.8736
40.4088
39.2282
49.2979
44.0903
41.568
43.4665
40.6098
42.3907
45.6315
41.4995
40.3607
44.2248
43.1834
44.6571
41.5281
43.4513
47.1099
40.0605
41.7573
42.9162
41.693
39.9438
45.5876
45.1733
39.4404
43.4864
39.931
48.1251
54.724
41.6565
37.7331
44.5609
44.7319
54.2153
55.5267
47.559
46.5174
38.5576
46.4504
42.5819
49.1402
44.2237
48.9452
42.0658
44.0752
40.3251
41.2786
46.2047
41.0748
40.5333
44.1983
41.4098
39.5805
38.4794
40.666
43.5447
43.6356
42.0755
42.2782
39.6671
40.9649
39.6854
41.5246
40.7944
40.0296
43.289
46.6364
42.9562
40.2879
39.8837
50.856
47.7434
43.4423
37.9107
38.5226
40.9944
42.1902
39.2551
40.3534
41.2447
42.7831
40.4596
38.5957
38.4877
38.0046
40.254
42.7514
45.8861
38.211
43.4585
43.102
42.4934
40.6364
37.9627
36.2552
37.139
39.273
39.1523
41.0133
42.4754
42.034
41.4652
40.2623
41.7247
40.6435
43.4424
38.9199
38.8809
50.0165
40.5658
38.6602
36.4611
37.6839
38.1337
38.8609
39.0297
39.433
43.1557
45.9339
45.3289
38.0364
40.721
38.2641
38.5577
38.029
40.6552
38.6382
40.7329
41.9059
40.9275
38.0928
45.7667
46.3369
40.0102
40.3481
43.7472
45.7397
39.4833
43.0595
39.5728
40.1727
39.2288
39.5217
36.7751
42.8
41.0822
40.0204
50.7641
39.8146
42.5805
42.1993
48.6807
42.9097
42.069
45.9316
43.2198
45.7899
41.6393
39.1824
49.3987
40.3818
39.1936
45.3824
44.7985
43.8698
48.0562
38.7277
44.632
41.3058
43.3143
39.4858
40.8751
40.9668
41.6584
43.69
41.7239
44.6195
42.9763
41.2471
39.4692
42.3041
41.5635
43.1062
44.0808
42.7084
53.9811
49.4752
42.9152
45.0274
42.7066
50.5317
43.7084
40.7187
40.3401
39.5186
48.1888
49.0848
38.2979
38.9421
47.8096
44.234
41.0486
41.2892
37.1568
36.8396
38.8147
38.8025
40.0712
40.7165
38.9827
38.6504
37.0397
38.7691
37.0846
41.0457
41.0206
42.7979
44.0426
41.6588
38.4762
45.9958
41.9696
39.7411
42.4114
40.1556
40.369
40.1393
40.7948
45.1861
40.0149
42.0897
38.7994
41.5458
44.3417
38.6044
40.9715
40.8259
41.1233
37.058
41.857
40.9978
73.8669
39.0782
38.9522
40.782
41.6232
43.0331
41.2118
39.2217
42.3051
40.9579
43.6019
47.4236
40.0903
44.0972
38.763
42.8389
40.004
40.8969
45.0834
42.4154
50.2585
44.4497
50.0546
48.2404
44.5249
42.9361
54.7499
49.3574
43.5174
38.1668
39.0449
44.2266
40.7022
41.3117
41.1205
38.6525
45.0215
44.7972
46.2281
40.0592
37.771
37.5654
40.4168
42.838
45.9127
41.151
48.8912
42.2818
43.3953
39.4756
46.3349
47.5331
37.7263
43.068
43.6929
43.564
36.3599
37.8597
44.4271
39.8715
37.7001
45.4214
37.5193
39.5471
42.3264
36.4889
38.6181
44.2407
41.0914
35.4556
47.0569
39.1399
39.2155
36.6962
36.9106
41.1496
40.4178
39.8968
38.503
40.7662
40.3192
42.9085
46.393
39.1736
41.3919
41.4828
40.1876
38.3997
39.621
43.1231
41.785
38.6228
37.6183
36.7598
48.0224
40.6954
37.1256
38.8127
44.3137
38.4041
47.3555
40.8664
43.4333
37.6638
40.3648
40.3466
42.2097
37.578
38.7189
40.513
38.7472
42.4114
41.8693
37.0411
37.9317
41.7635
43.0049
46.5818
32.7883
41.8587
38.7394
38.0166
37.0674
36.6763
39.1055
39.7961
41.6811
38.8312
40.7042
37.9716
40.4284
34.9731
36.5468
40.555
42.7903
41.5319
36.824
40.4221
37.1896
41.3891
38.7274
41.6195
43.3739
38.463
40.8063
40.9858
37.1657
39.5618
43.0732
39.8374
38.2958
44.7707
39.071
41.8815
42.4145
38.944
41.7498
39.4363
39.2455
40.4218
41.1246
40.0446
41.701
42.7585
45.9264
47.8196
48.1832
49.7786
48.0134
40.1689
41.0579
43.2068
50.0548
38.1813
43.5865
41.8197
49.3266
45.1673
43.801
40.8876
38.6821
40.6489
39.0525
42.0164
43.7836
50.3128
46.4779
48.1874
42.9136
40.887
45.099
41.3284
44.037
41.0446
50.9793
53.5175
51.4903
50.2983
48.9794
50.6483
47.464
47.6367
46.2401
59.8668
51.0699
51.6889
48.9584
48.2843
46.7226
47.2768
45.0284
42.5637
40.0721
48.258
39.6115
42.8169
42.9789
46.7532
41.0605
41.3385
44.4804
41.9828
47.457
41.432
49.5716
41.5597
43.5797
39.988
42.6345
54.1623
43.4105
37.6684
38.9893
42.3309
40.3547
39.8607
42.7423
49.9688
49.6745
49.883
43.5204
39.0629
49.2588
59.4453
42.5371
53.9236
40.4559
48.369
52.3404
39.5951
45.1712
39.9259
51.0751
37.2057
45.8926
49.1315
39.7265
42.5443
40.5966
41.9313
42.1621
41.7456
45.3172
35.4343
39.402
46.0762
41.4929
46.2502
37.5027
43.5606
40.3704
41.3385
47.3882
38.6862
48.3304
41.3274
48.9845
42.6893
41.4033
43.2371
46.0155
40.4783
41.4908
46.3103
42.0126
45.0154
42.9696
43.3329
44.6918
37.9027
50.2221
45.6037
46.1166
45.1007
37.9369
43.5681
47.8739
50.6483
40.958
37.0412
42.7255
38.9274
44.239
42.4819
40.8203
45.1096
44.5867
48.0924
46.2313
43.4559
44.129
41.9803
39.8244
41.5449
44.5139
39.168
47.1189
41.8806
47.8619
44.9627
36.6928
39.7082
42.7897
41.9035
47.1463
49.1066
44.9766
46.649
45.6981
45.0963
43.2904
41.2577
47.3367
41.7847
43.0871
38.5289
40.4699
49.1884
40.6589
44.2185
51.5621
38.9723
41.4067
42.5126
42.6508
45.9882
41.8979
43.7652
57.2144
41.2122
46.3088
39.4336
48.9414
41.9225
52.356
41.124
43.817
47.7276
40.3266
44.8211
38.7803
42.6856
41.0774
43.6399
42.1868
40.3361
39.6417
47.9225
38.2549
55.1763
41.021
40.6015
42.1724
39.405
41.2254
48.6435
39.8117
39.7951
44.6278
40.7397
43.4522
37.9338
40.7005
41.405
42.0399
42.1979
53.057
38.9971
41.9939
41.6962
44.1222
39.2168
42.4429
40.7033
40.4688
48.786
40.2964
40.7778
42.4767
44.0993
49.622
40.4288
38.1996
41.0422
43.257
45.4114
41.3325
50.9389
43.5632
41.1269
48.8864
41.5918
45.4601
37.6808
39.9272
39.5586
48.406
44.6969
42.0337
41.8755
42.2716
41.7857
42.1186
41.6754
39.3403
42.5217
43.9906
49.9107
51.3631
44.6161
39.0065
45.0437
36.0276
44.065
40.7716
45.1412
46.68
45.0411
47.9158
42.5124
45.2438
47.324
52.1239
44.4051
52.3707
46.9221
43.5882
43.3796
45.8527
44.2372
40.6468
46.1681
47.3874
45.4065
34.082
41.5746
41.2561
38.1267
53.3036
44.8656
42.1477
37.3452
47.9066
40.0755
50.9842
39.5584
40.0361
41.5444
40.1786
43.9919
37.7878
46.9738
41.0061
51.2548
40.8522
42.9799
42.6996
48.5146
49.6549
43.2587
44.9235
40.4596
50.5807
37.8547
43.9533
39.5326
43.4573
45.4615
42.9297
48.2587
43.1157
56.3757
38.9399
47.025
49.0803
40.3329
46.9667
45.1555
39.0945
44.0497
38.8658
48.3843
37.007
44.8274
38.8325
39.4025
42.8944
43.2631
46.1323
36.9401
50.6801
46.0866
112.963
39.1611
48.6172
51.1005
44.4369
36.9193
36.9002
50.2664
43.4486
54.8964
41.6393
39.4346
47.7582
52.9007
45.4597
43.8523
40.8262
40.3775
39.2783
44.3216
42.9286
49.0875
48.1376
54.1971
42.5837
38.8973
41.141
47.4301
47.1377
45.0999
41.3885
52.353
44.6243
39.5337
44.7344
37.3672
40.1864
41.2656
50.2039
43.3515
37.0616
47.4044
54.1487
47.7733
50.8306
44.7576
43.0969
41.8007
47.3822
48.5265
40.8531
50.1474
49.2889
48.3243
42.0804
43.5857
36.4062
40.8439
39.875
40.1528
36.8417
41.2002
50.2915
41.3209
41.8263
50.4572
39.4486
42.5485
47.7012
43.8929
42.2177
42.0563
41.0845
43.7126
43.4769
49.4473
37.9477
43.1274
42.1543
50.3619
40.3294
46.8519
38.4196
52.7208
46.9215
41.9766
45.7164
40.9246
38.8813
45.2216
47.1006
43.6325
37.3645
46.2337
48.6633
39.8015
44.3891
41.2996
45.5186
52.4088
50.0905
45.1434
35.3331
43.6985
39.4447
47.8554
54.1305
39.0184
47.6671
54.4265
46.7065
46.5588
37.9358
49.2407
49.8167
41.327
53.2901
38.0106
47.5021
51.3168
50.3122
46.432
42.7295
46.318
48.877
47.3139
45.3332
45.028
42.6869
47.2986
48.1422
50.2078
38.4634
46.1941
48.7969
48.0553
44.8079
39.1855
41.5075
41.6521
41.5588
38.4007
43.184
48.4818
47.2245
41.6455
43.8452
51.6683
41.3934
42.7804
53.5204
49.746
45.6459
50.1933
43.8579
44.5703
44.9482
48.3171
41.9936
45.1774
52.4151
45.8435
46.8052
40.8894
52.5724
36.6538
40.2867
40.9953
48.7226
42.5418
41.5461
48.5536
40.4692
51.7268
43.0805
47.951
41.7495
42.7855
40.5046
44.3695
48.2943
49.2563
47.7173
47.6166
54.4957
42.9785
56.3855
40.3411
43.8782
53.2717
54.2453
48.0481
37.4687
41.1794
42.33
42.4571
54.8336
39.7437
40.1973
46.028
49.4174
42.8745
42.7036
50.4707
53.7289
43.294
52.7186
40.9523
45.1669
53.4242
46.1073
43.9545
45.8898
43.6532
55.0774
48.5086
47.151
46.0728
47.5532
48.903
42.7388
49.8957
47.7777
50.5965
52.3297
52.2061
48.881
49.1832
49.3237
48.4601
53.7767
47.6086
48.8891
46.8179
47.4719
46.8679
48.6734
48.6849
45.8734
47.3949
42.9061
39.6169
46.0269
42.7979
43.9465
49.9452
47.4061
43.4505
48.1139
41.619
45.705
44.9127
49.7013
43.9651
43.9731
45.6254
50.0393
44.0396
42.9207
43.0657
42.9266
43.318
43.3806
44.7676
44.199
44.115
40.5469
44.329
40.1136
41.0805
40.8126
46.8377
46.2312
42.0676
44.9954
44.839
40.6181
44.7232
47.1257
47.7787
46.2486
41.0323
42.8832
45.7342
47.0179
43.1655
41.3627
41.6234
42.5155
41.9273
45.8094
51.9658
41.2601
47.1176
47.9283
45.7259
46.8666
45.1825
41.4009
43.3497
42.3095
41.7082
43.5519
41.5878
43.371
43.046
44.4479
47.5436
42.5253
42.4372
42.5992
43.2917
42.8536
48.6849
42.255
41.4354
43.1875
43.4866
46.8579
42.3003
45.786
50.9984
46.6038
42.9032
46.2826
43.8404
44.0384
42.4831
46.4266
41.2724
42.0467
42.3047
45.5786
48.3278
49.5243
47.7873
45.8433
47.1266
46.5588
41.9054
45.9143
45.6516
46.6183
43.5731
43.2449
41.4734
46
42.5084
43.0973
43.0656
47.2636
45.4781
48.8777
41.7566
44.1587
42.1086
44.7001
43.6626
45.6172
42.305
43.0194
41.432
42.9789
42.4944
43.4461
43.1767
42.1262
43.3881
42.4671
48.4322
45.6104
42.2911
49.28
45.6205
51.894
48.7825
48.0224
41.841
43.3013
47.9569
44.4105
47.8618
47.3545
44.3656
41.3656
42.6521
43.1147
43.6501
46.2857
49.429
46.7912
44.2803
46.9443
42.8328
51.8942
45.9069
52.0807
47.0857
42.5415
43.5527
48.162
41.557
44.35
41.4782
41.2524
45.9518
45.8447
45.9973
44.6987
43.9817
42.3951
46.0012
45.4477
42.8923
41.1993
44.9632
44.5422
43.9788
41.7609
41.0668
45.5072
44.6074
43.1328
42.3997
50.2755
42.945
49.6966
42.6866
46.5124
44.041
42.5617
44.1814
43.4715
52.6761
41.7949
41.4859
42.7547
43.0955
42.9731
42.9227
41.3081
45.4998
41.5881
43.5727
45.5378
47.4566
42.853
46.5737
45.6723
43.458
45.5262
42.468
46.5888
46.7608
45.8272
42.646
40.1956
42.8545
43.0036
42.966
43.6189
45.9074
45.997
48.0151
50.6913
43.8946
47.3764
44.7353
43.0688
43.9452
45.8618
43.2348
45.7098
47.0613
48.0496
42.9542
47.9092
48.7477
44.4185
45.1978
46.1445
42.9596
47.6949
50.0079
47.2564
50.3714
42.1135
44.3802
41.2195
45.005
42.5352
45.019
44.0773
42.8456
45.307
47.8077
42.1282
46.273
42.7079
43.1194
48.6989
42.4552
43.2324
41.9657
41.1536
46.7547
46.5826
42.6982
46.9371
46.0043
47.6862
42.8468
45.6963
42.3395
52.1544
42.7041
48.7265
42.6204
46.0338
45.8042
45.6415
43.6357
42.6506
44.1655
43.3571
42.5722
42.7611
43.8185
41.7416
41.98
44.4631
45.7912
52.6815
45.5347
45.8841
45.6567
43.34
45.8319
42.1074
43.4185
45.2995
43.2031
42.1926
42.8054
44.4601
43.2182
42.0555
48.991
48.5776
43.203
42.814
45.6743
46.9708
45.8546
45.9979
46.6054
43.7848
46.7049
42.145
43.0582
42.3632
43.9527
42.2725
48.6465
43.5906
45.7612
47.4974
41.7508
41.9535
45.6161
40.877
47.4822
46.4329
43.9803
43.5015
40.0859
40.7058
49.4552
44.8336
45.0305
45.7113
41.7388
45.7944
46.4599
42.0653
39.7979
39.1888
40.4384
39.4853
40.8679
40.3393
39.1268
41.7807
39.5237
42.351
46.7026
43.1792
50.0394
50.0689
45.9902
46.5304
48.0236
51.4373
47.4939
45.3489
40.6603
43.0597
47.7213
46.6481
47.2961
46.6392
47.9274
43.5187
43.4219
37.6041
41.8619
44.283
41.2358
41.1168
38.3483
48.7143
50.3085
45.5027
41.8898
41.4731
51.5344
51.3074
47.7476
49.127
39.8661
51.9783
51.5281
44.9538
41.39
51.4592
45.8728
48.1626
41.9955
48.9698
55.2786
55.1147
44.9819
41.4826
47.2731
44.1179
44.7853
52.5435
51.4531
53.92
43.9132
44.2683
47.7601
46.5577
40.6297
45.3328
53.6574
52.0402
49.9503
47.1633
41.1554
40.862
39.1051
42.0789
39.9034
45.3904
56.1763
46.1461
41.1302
41.2338
50.2552
47.2065
40.4806
42.5462
52.0261
48.5624
51.627
44.493
47.6484
45.2041
43.557
43.193
45.879
49.2299
46.0201
46.4139
44.9924
48.1882
46.2597
45.3772
43.137
43.3494
49.5901
43.3299
47.1203
45.1765
42.3067
45.8768
42.799
54.2605
46.1739
47.6224
49.7632
42.0164
43.9636
44.5529
42.0659
53.816
54.4286
52.0286
43.1633
41.1972
46.7133
45.5457
49.331
41.9835
48.7273
47.4625
52.6094
45.3639
43.0904
53.4664
45.6884
47.1558
41.1269
51.7761
49.4086
48.207
50.3497
44.7061
43.6113
46.602
45.8691
44.6228
60.8496
52.1742
43.5018
46.6158
53.1572
44.4123
45.5469
42.6463
51.7917
39.1507
41.6874
42.7968
48.4633
48.3026
54.7719
37.8364
46.4034
52.8828
44.1062
40.7027
40.5215
56.1825
48.0366
46.9627
43.6038
52.6914
52.9394
44.509
41.8944
46.8098
54.0177
44.7357
38.531
53.5514
43.2029
46.649
50.1627
43.1157
49.5842
49.9608
42.3862
53.0986
49.423
47.9034
45.9183
45.2551
48.02
54.7087
48.4866
46.7394
46.2279
38.9153
40.7512
40.9304
45.1626
50.4715
47.9575
43.7445
48.335
41.0927
42.5909
44.2809
39.2484
40.9522
53.1912
48.5917
47.9959
40.8515
45.3278
51.7819
47.146
43.4076
46.3004
46.9375
53.8169
47.1091
47.9539
47.9128
49.9957
48.6965
50.0252
52.3554
42.3498
38.709
41.6754
41.3449
39.2355
39.3932
39.9738
41.7457
46.5
50.4095
43.5408
41.8642
40.4854
48.1696
42.1436
42.9266
40.4399
47.4536
43.7627
39.5974
39.9466
41.2056
43.333
46.4632
41.7642
44.0866
42.8774
45.8325
40.2943
45.8032
46.1534
40.0312
39.7621
43.0847
41.5969
45.621
43.067
43.6191
50.6918
59.1195
49.3999
40.2644
46.1254
42.6499
54.0637
45.6495
40.2478
38.1743
48.2667
53.0339
51.813
43.0654
45.5459
54.9279
51.9542
44.2202
47.359
46.674
55.2844
45.4515
44.5343
40.1766
43.2657
53.505
43.0203
46.8907
57.0152
49.1594
56.6211
48.2091
43.7335
59.6417
45.1781
41.1575
43.8361
49.4971
55.2394
47.3759
44.3391
51.9118
48.302
45.9408
45.5384
41.6792
43.996
41.664
43.6557
45.404
44.1072
50.3124
41.7762
40.6982
41.8619
41.8578
45.362
42.1647
40.4585
44.0932
44.7069
40.2186
41.5592
42.5626
42.922
45.4341
45.7868
41.5989
41.0759
41.9989
40.9337
39.4574
40.0116
43.7087
45.8705
46.3529
40.3879
39.9466
41.9176
41.9367
42.9115
42.8686
45.4076
49.586
44.4744
46.1445
41.5045
42.82
53.6598
41.343
48.1047
55.0562
43.3183
44.418
40.0541
47.5093
46.8244
51.1869
44.3606
45.5168
42.26
42.9718
46.1203
43.862
42.1828
44.0326
44.5846
45.8569
43.6193
43.3023
40.3138
44.6506
40.5906
40.4424
44.5982
40.6296
46.5855
46.4889
43.6027
40.4792
49.4616
40.2592
43.9121
53.1744
42.3249
39.0843
44.054
43.3537
50.4889
52.9862
44.1759
45.218
42.242
42.7586
38.3057
49.3351
44.8492
40.8488
45.9224
44.5945
44.8044
39.9142
45.7165
41.8272
48.3763
44.2246
47.913
48.9628
37.885
44.4739
40.1432
45.9572
41.5816
46.5393
42.4283
44.1089
39.489
33.7241
34.7389
43.7084
41.1059
44.2924
42.3591
42.5802
47.9656
50.333
43.2761
46.1333
43.5476
44.9198
46.5935
193.383
44.9034
43.5454
46.1837
39.983
45.028
44.481
44.1521
43.6237
48.0166
41.8294
40.6808
46.1285
45.8228
41.4248
42.1188
42.5261
49.2294
42.1735
48.7155
38.4731
44.8851
40.4408
46.7299
45.2732
40.6313
42.6981
44.728
48.1727
50.9396
49.4182
46.049
48.0755
47.5612
46.0808
43.6617
51.1962
46.1413
47.005
53.255
53.2387
49.707
46.2465
41.6618
56.8834
43.3517
46.2175
42.4237
42.7849
41.9451
44.6272
43.6332
49.7932
54.1387
54.3203
56.557
56.844
55.744
50.5991
55.1892
50.7162
46.7476
49.2205
47.3137
42.6001
56.5875
55.4369
54.6381
49.6322
50.9093
47.9668
65.4781
50.8002
50.8701
62.4755
56.8116
61.3114
58.9867
54.0025
44.3132
48.3322
47.9271
53.8673
54.1147
59.0899
54.5978
56.1169
52.2292
49.0246
42.6884
48.858
47.2796
56.5269
57.3026
58.719
53.2163
49.9326
42.4179
46.624
41.8164
48.8553
53.5031
54.3161
47.5856
47.4079
55.8427
47.9031
51.1885
50.1242
55.8408
65.2376
70.3411
57.5736
56.2605
52.8561
55.7309
46.3305
58.3192
59.4428
57.8921
45.4174
57.0969
66.1086
56.4771
45.9667
52.7739
58.3494
53.336
41.2837
48.0092
48.5259
46.5005
54.6245
50.3492
54.9302
46.6122
40.869
57.9409
56.6455
46.8019
51.8718
56.1147
50.9824
47.3464
40.4838
55.7398
52.177
55.13
43.3626
52.4335
54.2725
53.4978
46.0184
55.0351
47.9594
51.4804
46.0258
64.3976
62.6253
49.9185
43.9377
54.2609
44.0555
42.1427
43.9829
52.7772
52.0747
62.4501
41.6893
51.1779
43.2131
51.6583
42.0457
54.4268
51.1482
53.5751
48.3754
56.4048
48.0964
57.3114
44.2444
59.8693
51.2859
51.0113
42.1284
53.9662
49.3905
45.4869
46.6967
56.3685
54.5625
50.0914
42.252
54.38
53.3725
49.4362
47.6084
86.9278
54.8303
45.5743
45.4512
58.2961
53.6498
46.3896
48.7093
60.0939
53.6761
49.7368
42.4167
53.7162
47.3129
53.636
43.8683
56.1372
46.6634
51.9159
46.8025
45.1046
51.8159
52.8698
46.97
42.9249
55.083
51.0521
46.6764
46.893
54.0433
50.6714
41.7536
56.0521
52.5406
51.8305
49.5415
41.5139
52.6878
40.9514
46.9288
56.1746
50.8718
50.5743
51.4128
42.1517
55.2613
51.084
44.2464
54.3943
46.928
46.9649
47.8316
44.5204
49.9325
51.5975
55.4081
45.3341
49.2786
51.6983
45.3901
40.3184
50.5381
52.5519
57.0212
41.5446
53.9389
57.6396
56.04
43.1568
52.3711
49.6724
51.9072
45.2834
55.7073
50.2897
59.1749
43.4209
52.731
57.6515
56.8674
45.5395
57.1435
54.9458
47.8838
44.0168
56.2991
51.0651
45.7786
46.0624
51.176
56.1715
48.6997
43.7377
52.5589
49.0165
50.1574
43.8795
55.4815
47.6471
42.9335
43.265
50.2742
43.2756
43.4799
45.0719
50.7926
51.3824
59.3892
48.9702
51.0539
47.8056
44.525
43.7891
52.3169
46.0889
41.2066
41.726
53.5825
49.7015
56.9945
54.8369
47.9848
54.4192
55.7749
50.9494
44.3254
57.0256
50.0787
44.6726
50.8449
58.5199
53.8592
53.1002
45.9578
49.4322
58.7553
50.1018
51.2566
43.9694
52.1503
50.0221
54.3492
49.9019
47.6591
47.2582
46.0438
44.5382
57.8568
53.4901
53.499
48.9275
42.572
43.3474
42.9213
47.2227
54.2503
47.0752
59.4312
51.0926
41.6264
46.5862
55.1015
52.825
51.3482
45.2304
49.2329
51.7802
57.8834
42.7624
48.4124
53.3873
48.9816
46.329
46.8518
51.796
49.2654
56.3154
44.5502
48.3712
49.4938
47.7564
51.2357
48.0919
58.8481
56.9243
53.3343
46.9838
47.2531
53.5395
51.6851
45.6741
50.1199
57.3201
51.7531
49.9999
45.3108
56.3904
53.4094
45.4723
44.3447
45.2527
44.6053
56.7237
49.2567
46.3778
56.8536
58.9028
45.2431
43.019
52.549
52.0221
51.9669
48.0129
52.9321
56.442
46.4105
45.9869
54.3459
58.463
60.5548
60.5655
61.4633
59.5383
53.3684
40.7031
60.6779
59.1088
54.3209
53.7156
47.4621
55.7224
51.006
40.9087
61.3077
51.0818
54.3667
51.569
49.776
58.3352
59.3824
52.9721
49.0302
58.2386
57.1184
54.897
44.7402
58.67
56.3314
54.1903
44.6757
59.6414
55.4611
54.1474
50.4118
57.2277
58.7001
61.6283
62.3098
44.9284
58.6998
56.5149
52.9839
51.942
53.8426
52.3599
64.3195
56.3721
54.7538
60.8941
57.2156
50.4644
57.2989
53.5463
56.8679
50.4941
56.5707
60.4898
55.508
56.5542
52.3559
53.3588
57.0086
49.7795
58.1644
55.1387
60.7111
56.4217
50.9723
64.3627
54.9678
58.3638
63.416
64.6699
61.0034
61.9841
59.4027
56.8819
55.964
56.4026
61.419
55.5589
57.2564
59.0329
53.1242
54.3718
54.6358
59.2722
50.1745
50.7068
48.4773
44.5942
44.5427
48.6925
55.9693
49.8206
56.1689
62.0141
49.9733
49.4905
51.207
57.9367
53.4904
53.675
53.5091
53.4091
52.2275
54.3004
52.4465
53.1077
53.6032
53.7059
56.4715
54.5995
52.656
46.9749
50.6318
53.2872
52.0467
51.4237
52.615
52.1898
51.8727
53.1226
50.938
51.6336
52.4608
54.767
57.7208
49.9342
50.4459
52.6666
53.5004
56.5277
55.943
52.2941
50.6134
54.3465
58.4912
54.8633
54.3673
56.87
55.3044
59.01
55.5973
55.3615
49.818
50.6742
53.3906
54.755
49.7636
52.3818
55.2008
57.4571
58.0478
52.1888
60.0402
58.7768
62.0842
58.6708
56.1644
55.3694
56.7924
51.1545
49.7659
58.0157
64.6465
63.1924
61.6501
53.1157
61.3673
59.6121
61.065
62.6663
61.6772
61.3162
55.7087
52.1951
58.1437
55.3517
63.8404
56.517
59.5937
58.177
56.4666
53.1628
57.5945
50.1939
55.1512
55.7876
55.7489
55.8635
56.091
56.8411
56.2422
49.6023
55.1923
56.2913
55.1964
56.3026
52.7061
55.1807
55.44
56.7734
51.3648
56.6072
51.697
58.2311
55.6528
58.7809
57.313
54.9203
50.7723
57.0704
61.371
55.1071
52.2501
52.9141
55.8428
50.0754
55.6071
55.153
51.3438
57.7232
55.3117
57.5245
55.5762
55.3452
58.3373
57.7809
54.675
56.6544
52.4012
55.3604
55.6282
55.3585
51.2893
57.3342
53.9428
56.6158
56.7047
62.6762
58.7241
55.5635
55.9187
51.489
56.5466
57.0892
62.6103
65.7197
55.3003
52.9142
52.2461
52.3455
57.1062
56.4036
52.0539
51.4912
57.2703
53.9661
54.1966
56.1179
53.257
60.0176
57.1892
56.6707
57.7507
52.8324
52.7213
56.31
55.8817
57.0942
50.614
56.5348
57.4201
54.7602
54.4401
57.5431
72.8171
64.6543
65.5507
65.6742
59.2787
52.4915
58.5654
57.5809
56.0214
57.3469
55.0676
52.2425
53.605
57.1638
56.8099
57.6384
52.8342
55.7721
51.948
57.6313
52.064
56.2998
53.4213
57.3408
53.5136
52.8832
62.4001
57.0975
50.998
61.3255
58.5892
51.6369
53.0696
53.425
56.8486
58.426
56.1606
52.3347
56.7357
52.0707
57.3183
54.3236
50.5716
57.315
56.3383
66.5862
56.1865
59.6974
54.1571
62.2204
52.5575
53.1668
57.6147
55.5926
57.3926
57.604
57.6752
57.4668
51.8921
52.7232
56.4698
55.1589
54.8566
51.6406
57.7707
54.9344
56.1946
57.4888
54.1811
57.0468
57.2999
57.5881
51.5147
57.6143
54.5406
57.2599
61.5054
59.2176
58.0241
57.21
54.8292
56.7703
54.0541
52.9945
57.7274
52.6384
53.6234
56.7787
58.3806
56.8598
54.6468
57.6339
58.0463
62.7875
60.1783
57.182
57.8077
51.3149
53.3579
52.8979
54.3317
57.9835
59.6885
55.6039
60.0668
53.2591
51.4855
52.7991
57.4986
59.2036
57.3823
53.9178
58.876
52.4267
57.914
57.9447
51.1222
57.1065
56.7979
60.5615
54.7352
56.0427
52.7959
56.5294
52.574
57.073
56.2077
57.3826
58.2369
50.2583
54.5195
57.2491
52.3702
56.7395
56.0024
57.9614
52.9456
55.6088
55.8519
54.6413
54.306
49.2764
49.3219
54.8185
49.9643
54.0338
52.4036
52.8701
52.9707
52.3872
51.3781
62.9803
50.277
49.7085
52.5535
52.1422
54.5602
58.6857
53.9552
54.0173
53.7554
47.6699
54.3816
48.4814
51.8125
51.7584
55.7268
56.5093
56.4739
54.6063
56.3827
53.8408
63.3841
54.3481
60.1141
57.3849
58.7023
57.2424
57.0739
54.4694
51.6287
52.2475
55.8429
55.0508
58.3401
54.2116
55.7484
50.8017
52.2636
53.4475
52.6471
53.4344
58.339
60.3116
53.5105
51.9809
56.7836
53.6428
52.6063
53.037
57.3261
51.1544
51.6155
55.8741
56.5427
54.8159
52.7425
57.1487
51.6921
59.2496
56.7425
51.62
51.185
58.0687
54.6772
62.1808
55.6926
53.0157
52.0253
52.1182
53.0292
57.039
56.1938
55.7332
52.1183
59.7651
51.0712
52.1148
56.5751
51.5662
52.9754
54.0327
54.2132
56.4681
56.4359
52.973
55.8345
61.3757
53.4605
58.6653
52.647
52.3384
52.588
51.1105
53.7205
58.2163
55.2102
52.6802
51.638
52.4004
55.4496
50.5804
53.3507
51.1442
53.1272
63.6651
52.6398
58.0119
52.2258
51.9873
53.785
56.8212
56.9588
53.8175
51.1932
53.8405
53.379
52.708
53.3641
58.5023
53.4619
53.2195
53.6842
55.6297
56.9414
54.9095
54.8895
57.1753
57.7964
51.4844
54.873
53.0287
51.6021
57.5311
53.2218
57.1504
56.5643
58.7597
52.2353
52.3729
49.7571
56.105
53.6598
53.1082
57.3868
56.8297
55.4635
57.2315
50.5909
53.8004
56.6007
52.5423
51.978
50.0802
54.4755
55.34
49.4516
54.3326
50.7151
54.9236
59.5091
55.7249
49.3182
49.9971
59.2954
56.2883
55.0733
59.7051
53.7581
51.7595
52.5952
50.2313
52.1538
50.3788
51.1592
54.1054
54.6005
51.5495
57.7781
53.3843
55.6684
53.8241
54.6371
54.3473
55.9393
57.1314
61.1532
53.5208
64.6761
63.1379
52.1296
55.1503
53.0181
51.4616
56.6689
51.0393
51.2852
60.7121
59.9553
61.3148
57.4504
56.8475
66.5941
64.2513
56.4502
62.6856
57.664
64.1214
58.9182
56.0373
64.8766
58.5458
56.286
65.7474
60.7508
62.7747
51.5768
62.9509
63.5309
58.4435
56.6371
66.4697
52.986
64.695
65.7069
63.1899
58.6626
64.7905
65.0774
55.1949
59.4813
64.75
61.5333
60.5895
53.8521
62.8236
66.6913
50.8438
39.7946
63.9379
60.8185
54.4784
62.6425
50.7358
65.1654
61.886
57.8101
53.3961
54.6435
61.585
57.8968
61.1394
61.8588
56.7032
60.2309
58.5768
57.3536
58.3454
49.9216
57.8952
59.1206
55.8411
61.5349
62.7128
58.4969
49.4421
59.2551
59.0555
53.8518
49.0763
56.7366
54.5593
54.0591
53.2533
61.8953
59.5571
56.2149
54.5069
51.2953
54.9629
55.5771
59.8815
60.2072
59.8734
55.5585
50.7079
59.512
48.5671
53.5008
61.3928
56.2288
53.6086
60.6361
59.808
55.3217
49.9236
61.063
59.4125
52.4941
65.2001
62.0913
58.3178
50.7152
62.328
60.8267
57.9558
61.7178
63.301
56.7616
64.8254
78.4472
62.0013
52.7457
65.9426
62.4583
59.3989
52.1472
62.9455
60.4939
58.4386
61.6552
60.2431
57.458
48.6786
66.5167
52.1435
52.8318
61.3766
57.9276
56.1699
51.2334
62.5564
59.3706
54.1359
63.4886
65.4125
66.2568
53.5201
63.511
61.7594
50.8527
57.0112
57.2335
47.7458
59.6722
58.6389
59.3158
52.3819
64.5311
58.7589
50.9756
61.1358
54.6984
60.4087
53.9839
61.1889
57.2807
61.1766
51.8803
62.6744
65.1316
48.5495
61.5637
60.4669
58.7414
63.1825
61.954
61.9492
48.6426
61.0425
56.4201
58.9695
59.7644
63.1235
62.343
58.4384
61.7073
58.4276
56.3324
53.0322
57.5907
67.548
51.8258
58.9872
60.2961
55.4053
58.0966
58.9471
58.0281
54.6584
59.7741
60.8813
53.9995
56.1807
58.0977
55.6704
47.3729
58.0238
53.2792
51.0337
47.4839
61.471
57.8009
49.0417
75.4949
57.0163
54.9612
54.2429
60.0931
59.8756
52.0965
60.3004
61.3657
54.3099
47.0039
63.4773
68.653
52.1453
54.7103
63.1616
61.1498
47.2808
64.5867
61.2149
60.0809
49.0522
59.911
60.0575
56.1275
51.8804
70.4334
59.4053
50.4579
56.9854
56.2765
55.8581
48.6157
61.4579
61.676
59.6751
46.0686
62.504
55.1468
50.3092
49.4941
59.847
53.3734
46.8074
61.9059
61.5939
51.5164
53.5436
60.5683
53.603
48.775
58.8927
58.2423
49.3001
60.7667
60.3359
53.0187
50.4247
61.9179
58.4965
52.0933
51.2971
55.2711
57.2681
47.6716
65.3873
61.1804
48.3172
61.7528
63.556
57.6205
54.6603
62.4025
67.5789
60.6462
48.6955
60.6661
56.9535
57.1265
52.2458
64.4459
50.8275
60.5657
60.6687
62.1723
60.2037
58.5915
58.5932
52.525
64.2808
61.3959
63.4105
64.2745
58.9425
54.7539
64.4493
54.5243
54.4207
66.6895
63.2639
60.7246
52.7739
64.5608
52.7245
56.5824
68.5626
155.547
173.803
164.286
93.0871
71.4466
62.1251
74.6168
62.8864
67.6192
63.9168
57.8403
67.9506
52.7553
60.3172
65.9617
64.8702
64.9308
59.0455
62.5421
71.3767
71.9562
58.8766
73.5203
77.2206
61.405
55.2061
65.3242
70.1028
57.4275
68.6385
70.3695
77.1142
65.2055
66.9896
67.7107
61.3574
70.0709
67.0402
56.8546
53.5697
62.4014
63.8907
68.5218
64.993
66.1817
63.812
54.8481
64.4901
64.3123
63.2184
65.2349
65.6077
63.2937
59.2631
65.2834
69.5069
56.9977
51.9789
60.9566
62.0148
55.9187
65.9045
66.1044
61.3458
51.1689
67.4409
65.0082
57.3307
61.8704
62.8587
59.754
53.2993
65.5925
69.5709
61.9559
59.028
62.6263
61.8828
59.0677
63.77
65.6522
62.0645
54.7989
67.5211
66.896
67.1598
56.6661
65.8535
63.1905
61.5964
62.0491
61.1804
64.7077
55.9849
66.3334
71.0058
60.0308
58.7672
60.9244
59.392
60.0665
52.1707
63.5081
63.5669
61.3756
57.7071
62.8567
62.2739
56.2186
67.0263
60.8946
56.2005
60.7799
59.867
61.8639
59.1279
62.1749
60.5825
59.5967
58.2721
61.4012
59.5083
59.3449
66.812
59.3736
54.3989
60.8141
60.5049
54.8814
52.1661
61.1473
65.1999
56.283
63.6697
66.5859
67.0884
58.9061
65.8217
62.0165
63.1331
62.7175
61.0234
58.2075
50.0613
64.4284
61.2238
57.8462
60.1027
66.1971
62.5367
54.8823
65.2009
66.1003
67.0607
66.778
70.9521
58.3687
62.1917
70.5076
70.6933
71.0081
69.2433
72.3853
67.0448
62.9193
70.7536
68.6722
84.6487
53.4693
64.3891
65.4314
63.5949
56.177
64.8311
65.9258
64.4828
62.0779
60.4189
62.9829
50.9283
64.2893
64.9063
65.5996
52.5342
63.2264
63.2873
54.4294
64.6116
63.9795
62.8137
58.2543
62.5107
60.9219
67.8386
56.2702
76.1719
64.7781
69.6555
55.3405
66.031
66.8036
62.4637
53.3504
66.4866
69.8316
60.4763
66.3845
64.2868
60.8475
51.8077
60.5223
64.5158
65.9829
60.1655
69.307
64.6139
65.2088
52.1162
70.0881
65.5003
62.1657
55.0927
70.1037
69.1707
61.229
63.6778
68.543
65.3171
59.8828
67.2824
69.9665
64.6221
59.8383
63.8605
65.9616
63.4582
55.7512
68.1199
67.7095
68.7723
58.0856
64.7733
64.7797
58.3004
69.9099
75.457
63.9081
57.5047
69.4161
67.5059
63.0878
61.8365
64.1942
65.2688
63.9805
55.7534
63.5158
61.9372
61.7989
71.1377
72.3602
67.4716
52.8722
65.8912
65.1149
63.5863
53.8223
67.8046
62.9484
59.5418
64.9692
67.209
61.9329
56.2331
67.2166
63.5479
69.3854
52.5289
64.3114
66.6895
66.177
54.5551
64.4606
57.7642
51.3707
67.5642
69.5182
64.3236
63.0132
63.0796
64.9258
64.9619
65.4629
65.105
64.0235
64.2987
60.6073
63.2619
61.9114
65.1341
67.6706
66.4441
64.6068
63.4243
58.6399
61.2501
61.6412
52.538
59.9984
59.2664
56.9195
56.8917
54.7054
53.9269
54.5279
52.1551
55.5904
52.9192
54.8034
58.0478
56.9119
55.4749
57.5409
56.6881
59.511
60.8129
62.9756
57.5418
57.9984
63.419
57.5357
55.7851
59.7207
62.626
63.185
59.5683
53.529
52.5509
58.3098
55.8309
67.5766
56.5503
58.1317
52.9141
59.4346
54.745
55.0979
56.2192
57.3138
61.4464
54.7572
61.1258
57.4458
61.3289
58.5224
61.7861
58.4986
52.5853
58.2632
59.869
59.2363
65.633
57.3087
62.5899
60.5686
60.6778
60.9593
66.822
62.8846
62.9962
61.431
58.8084
56.261
57.921
61.8292
59.7048
59.9672
60.0056
53.767
59.6499
63.2459
56.8388
67.5302
61.9234
65.8514
61.858
58.2729
67.6014
72.7383
66.7253
59.7232
59.6903
62.618
68.7827
59.5397
62.8141
61.1211
60.1767
59.3523
60.2971
58.9606
60.8667
58.6733
56.4508
59.9728
62.6685
62.6106
61.844
58.5198
61.2411
59.0051
56.1499
59.2411
59.8881
62.6013
61.5064
60.7524
60.7416
57.3533
64.3541
58.2875
54.7588
55.1799
58.3988
60.3719
62.2919
68.2211
60.5202
53.9397
57.9259
56.4678
59.9835
59.1937
61.9739
59.311
59.3818
61.4339
59.3724
64.0939
55.4908
60.926
62.002
60.2458
62.796
55.7297
60.3491
60.8125
57.3486
65.5776
58.5934
61.7485
78.1672
59.8196
55.9333
57.651
61.3129
59.0726
70.442
66.2697
60.364
66.9893
64.9519
59.9663
63.8261
64.9849
63.2229
63.466
70.098
59.4867
63.3213
63.6261
60.4605
59.7455
60.5642
56.8843
64.2647
66.8292
59.1894
64.2229
58.838
60.8269
60.6662
56.8846
64.8171
58.8174
63.6777
56.2955
65.7761
66.2373
64.9546
56.7381
64.5274
62.6132
63.4057
67.492
58.6135
58.4455
58.2389
60.547
66.1033
61.5485
57.7012
56.1074
62.6997
56.3828
61.8301
56.8309
57.8013