11.2193
23.7194
30.2397
31.5914
30.9843
34.6583
31.3937
29.9002
28.5317
61.5498
53.1129
50.1441
53.0551
47.8992
46.7238
49.2543
51.6196
50.1866
46.0726
43.6912
47.3602
46.0481
53.0779
49.089
42.7513
47.8875
47.836
49.3952
44.0085
62.7484
50.5625
48.5078
46.9933
44.4977
45.4951
46.4525
44.2069
47.246
45.7127
49.6131
46.2457
46.3182
44.7879
47.4135
45.3387
44.0911
43.0493
47.3454
46.8863
45.1153
45.5612
44.3042
44.8399
44.5414
44.1391
43.9282
43.5063
46.5441
46.8206
47.3154
45.2505
44.2861
43.1066
45.1283
48.8112
46.9889
46.086
44.9209
47.355
48.52
41.7395
45.935
43.7064
46.2102
46.6553
46.2147
43.7919
44.0973
42.751
47.3659
43.8117
45.1457
44.9623
68.7797
52.0931
45.0438
42.9162
45.2112
44.7649
50.9118
48.3473
44.9551
45.9414
40.0094
48.4838
45.4103
40.2104
44.7372
43.2135
39.7455
41.7201
40.0305
40.513
42.1209
41.6431
43.0427
46.8767
41.1203
38.8106
43.8038
49.1828
52.7469
49.9026
49.0372
49.0293
51.2144
44.0808
38.1685
39.8232
53.249
39.5245
41.856
50.5334
47.3492
59.4038
40.0647
39.993
45.5751
54.5425
45.8978
40.5222
40.3168
45.2688
46.0789
42.5386
40.0224
44.7268
46.6756
39.9152
39.4069
38.4968
38.2723
38.5394
42.514
42.9554
36.0019
40.043
39.8656
44.2798
42.2679
40.0262
42.9589
42.2108
40.3294
41.1272
45.7081
42.957
42.2238
43.3972
44.7649
46.2496
39.3702
42.1341
41.2777
44.5871
41.1524
39.2924
39.5662
39.4856
43.5171
45.8364
44.2648
46.4207
39.524
41.8785
39.5275
41.9371
43.9051
39.7794
42.5242
45.7371
43.4886
43.351
41.7708
44.1213
48.6427
41.7046
44.7394
43.4284
42.8245
44.1823
41.7103
43.2199
46.3059
40.2932
43.7247
44.186
45.9165
45.7567
45.5565
43.4128
42.0027
42.3702
40.5447
44.8961
48.4294
43.1838
42.2763
45.6441
44.4613
47.4
42.3461
41.8209
41.9234
46.0105
49.3316
44.0811
46.6591
43.0937
42.9743
42.302
43.5815
44.5973
43.2763
47.9531
44.5699
40.2733
41.3123
44.0036
43.6114
43.2124
43.8175
43.9719
44.7777
45.6054
42.9233
45.7714
49.2028
49.2442
46.5797
44.0925
47.1762
45.3575
43.623
45.0917
43.0427
43.1915
42.5435
46.0002
74.8214
52.763
53.7057
43.6409
42.4151
44.6392
41.7125
59.2864
42.8402
44.6795
51.6607
38.2043
43.8086
42.3817
48.0397
43.2849
44.221
46.0063
47.4217
47.2641
44.8665
48.0211
43.4113
43.0298
45.387
45.939
47.1577
40.2922
41.2598
39.227
43.2049
43.0939
42.3233
45.9534
46.4953
38.8558
45.1406
40.5393
41.7091
41.7133
39.8048
40.2239
43.7811
40.0971
40.108
43.6953
39.2636
41.9268
44.9126
41.9887
48.0397
46.8451
43.6242
40.0047
39.6676
44.2709
40.82
41.1067
49.2558
36.367
39.7265
39.3149
43.0851
45.2939
43.6528
40.349
41.9977
40.4759
47.0753
41.4641
42.0273
41.2748
43.6999
44.9296
44.5135
42.8284
41.4527
45.4375
46.2314
49.2682
42.0963
40.6317
42.9763
39.9975
45.7191
40.3052
43.6254
45.5507
42.004
44.623
45.3475
42.1904
49.3953
52.3853
50.5729
42.5501
45.8407
40.3697
42.1268
42.3717
43.7228
40.8325
41.5855
43.3087
48.0032
39.4558
43.7512
41.8136
42.0354
41.71
46.8086
42.1149
50.9396
41.9304
39.0238
39.3187
46.0264
39.351
47.3601
45.6409
43.7023
40.8863
44.0167
41.2937
42.199
41.5025
41.5915
43.5305
40.4037
42.0675
43.297
38.5777
39.1578
46.4457
43.5642
45.4215
44.5904
37.9919
40.3171
42.1951
47.35
40.8803
39.1823
37.8776
41.7227
43.77
38.8594
41.9566
43.5308
39.502
39.1429
39.4092
39.6179
38.7136
39.2223
39.1871
38.6077
43.2377
45.5374
46.6504
41.1396
39.9531
42.8652
38.0056
44.8638
39.1984
40.6989
41.0989
44.2471
44.6679
39.7363
41.3099
46.0672
37.7108
42.632
46.8688
40.3573
41.4924
42.7932
44.8396
44.1617
41.6256
50.5899
41.4161
39.0897
40.4124
39.4572
42.8602
42.0085
39.5747
37.9517
40.4521
41.6622
43.365
41.4816
40.9903
41.9627
40.253
38.1255
38.5652
43.8082
41.9245
40.0427
41.3227
44.6454
36.4681
38.7498
43.9082
43.7774
44.601
41.6669
41.3382
44.4117
42.138
43.0787
41.5373
40.4484
39.749
45.4598
39.588
38.4291
41.3011
45.5496
43.706
45.3109
40.77
38.4982
42.3687
46.6577
39.1364
40.5402
39.03
39.3883
39.4529
40.7919
39.9578
39.1128
38.9613
40.3966
39.6427
42.3085
38.3058
41.9949
39.6987
40.1621
39.0271
38.4944
45.5511
38.8553
41.1047
39.2676
39.8305
40.9356
41.4294
44.5735
40.7511
43.3195
38.3297
39.977
38.1407
38.9068
39.8373
42.4824
74.6925
41.3799
39.2714
42.4193
41.4103
41.3717
41.6275
46.2861
43.1586
43.9436
38.1239
40.547
41.2466
43.8988
40.9162
40.2058
39.8992
41.2374
46.047
42.0021
42.1718
40.6352
42.9748
40.7941
43.0168
41.4907
49.4786
40.5201
43.4501
40.3928
41.9044
43.004
43.6168
47.0353
38.2551
37.9076
40.6876
36.5994
47.5744
44.4868
45.3465
42.1233
36.9387
39.2382
40.0234
42.8858
50.177
43.5248
40.4433
42.7333
42.5189
45.4994
38.7388
39.8389
43.6707
44.2347
43.0787
36.3823
37.7356
37.9312
40.3529
49.8347
37.6553
38.2454
40.9045
39.9156
39.9059
40.2351
37.9444
38.0695
39.5834
38.9894
38.0514
35.9263
40.4056
39.7148
40.6234
42.8215
38.1539
42.9208
40.387
41.6891
40.4156
40.7674
39.3678
37.7654
41.7482
43.1818
42.3654
46.6584
40.5714
42.5299
41.7961
37.817
42.6643
39.0492
40.2267
40.2216
46.6157
46.009
41.1586
39.8407
38.7893
38.3827
45.1772
40.8136
41.7011
46.6626
39.1684
45.1767
39.9416
40.0646
40.3362
38.187
39.5902
40.2174
42.2367
43.8225
36.3036
39.4773
40.4151
39.6441
38.807
39.4435
38.8435
38.7597
42.5562
38.7754
44.5052
36.6238
41.8622
35.7041
38.1615
40.2148
41.8221
43.1903
38.2243
40.2177
39.1433
42.4827
38.0105
39.7532
39.6128
38.2661
39.9711
39.9261
39.8824
47.8115
39.3349
42.636
43.0466
41.0963
41.7327
39.4196
45.1595
41.4381
43.3912
38.9898
43.8909
41.7568
47.0424
39.9335
38.329
42.3017
49.8932
58.9423
52.7819
50.5098
48.1484
44.7139
39.4759
45.929
44.282
44.5308
41.6183
43.9759
51.6074
40.0624
48.9579
48.5522
48.6475
47.9972
41.0268
46.7086
44.6478
48.0598
51.1468
46.6564
51.0786
45.2877
38.7324
40.1559
40.9843
39.9312
49.2541
51.2858
51.778
53.3769
51.5127
54.7943
50.4294
49.536
49.5275
51.3739
51.2225
50.7127
51.5916
53.6323
51.8506
46.7171
44.779
38.9058
46.3163
43.2532
46.5647
41.2387
38.0686
40.6007
43.4116
44.2863
45.445
40.219
44.0634
57.1251
50.5427
42.4279
53.9448
40.8888
41.7586
51.3286
38.0067
53.5565
38.0596
41.8343
41.785
44.3615
47.5234
44.4356
47.1112
47.4262
45.8393
43.0755
46.7288
43.4463
50.1791
44.3939
41.7229
40.1335
52.7644
40.5447
42.5763
43.2746
53.8708
40.166
42.2982
48.7035
38.2925
45.7769
40.3145
42.8094
43.9327
48.7428
42.0827
42.0685
38.0804
50.2765
41.7385
53.7852
42.0773
48.2806
39.9924
45.6715
40.6829
47.8486
52.0395
41.5152
55.3933
50.373
38.0895
42.7421
44.1489
39.2108
47.1181
39.6362
48.0013
43.6161
44.2424
45.8222
47.1911
42.8584
48.9396
45.4326
38.6382
45.5659
39.0417
44.6727
39.2126
55.7704
43.1287
42.0875
42.5439
42.2796
44.3733
43.3912
42.1122
46.6291
37.5264
45.7404
46.37
41.4557
52.5268
40.8804
45.2087
43.6726
50.4532
43.1127
47.234
41.6521
48.5416
48.1846
36.7792
41.3091
43.7643
41.3938
54.0758
42.4772
44.2294
43.2628
45.2031
46.3734
45.1548
47.1502
46.802
44.1088
43.7459
43.0126
45.1826
48.6166
41.3213
53.5021
41.4582
41.6582
46.8158
42.5819
46.983
47.1936
43.8197
45.7044
39.0101
46.4591
44.4522
43.3093
45.375
50.8486
41.6076
50.7142
40.6519
41.1561
42.2092
41.5168
42.4022
42.0614
42.8797
41.7631
42.2232
43.5544
43.8761
49.6747
45.5957
42.0788
50.3697
43.0591
47.3276
39.8611
39.7928
46.0241
39.4917
48.4164
39.9248
42.0364
45.4266
40.991
40.7661
40.2857
41.4896
50.6887
44.461
39.9339
42.3857
41.3041
44.0901
41.6052
42.1926
40.6943
42.7981
42.8859
40.1568
41.4724
39.2551
41.8594
49.3253
44.6153
40.0207
40.4161
40.2233
47.4556
47.4773
53.1152
41.7522
54.9391
48.1108
41.8725
40.8466
41.9086
42.9402
41.9003
45.2234
47.6342
45.2292
41.1523
43.7111
38.4606
44.2364
42.0398
45.8509
42.7614
41.7402
51.1822
52.689
49.4876
47.1407
37.809
49.5682
36.6938
43.8783
51.3666
44.9782
57.9645
52.1375
50.9555
42.3127
46.133
44.979
41.3432
47.6821
41.4593
44.0881
44.9117
55.2219
45.2551
40.3662
38.563
52.6016
48.3301
46.3584
40.0253
45.714
45.355
48.5042
43.8018
38.5933
45.4057
43.5018
50.7874
39.9842
50.8287
40.8898
38.0668
42.5055
42.448
47.56
45.2593
43.1582
48.6456
37.6893
42.9072
41.6091
43.1571
51.2496
46.6708
44.1849
42.7146
53.182
40.0302
44.0998
43.1202
39.4789
49.6478
44.991
46.6452
42.4621
39.7107
52.1351
40.6593
51.7154
45.2952
41.1683
47.4661
39.8464
47.1161
41.3613
46.2794
51.9049
39.5374
49.3649
41.4864
41.351
45.7585
42.1139
43.3369
53.9318
52.4047
115.966
38.7238
42.2247
53.8654
37.7634
45.05
38.9905
43.1733
52.0889
47.8654
40.0482
38.5185
52.6471
55.0892
41.6589
47.587
46.9478
42.0466
43.1375
41.0195
40.7629
40.7242
53.0295
41.243
46.965
43.2679
40.2684
43.5878
46.3634
52.3974
39.2747
50.172
45.4092
43.5235
51.8499
38.4251
40.926
55.6286
48.2407
52.78
43.1205
46.7319
52.3048
48.1505
47.3212
51.7916
38.7694
51.2385
40.508
55.7029
41.6736
43.9275
51.9421
49.8402
41.6985
48.3304
38.5343
40.5017
45.5778
42.3569
50.5237
40.8539
42.9236
44.9369
41.2295
50.5703
43.6277
39.983
41.9949
42.8687
42.5203
40.8695
43.037
46.6597
44.5761
43.6436
50.7247
39.9233
42.6631
49.9179
42.1234
50.5998
38.4146
51.0959
53.3911
52.0517
40.8442
46.3859
39.7476
47.2412
54.0421
50.7423
37.7457
38.3895
43.5327
46.7834
45.622
45.274
38.9841
55.028
51.7305
48.4864
48.0467
40.3741
43.0355
47.4642
49.1476
45.9273
49.7139
51.52
54.7914
50.7845
47.3233
44.9582
53.728
45.8196
52.7642
41.0102
47.3806
52.4928
45.5747
53.6192
40.6476
47.7117
51.6297
51.1084
50.0019
42.1897
45.1755
42.8383
47.5261
49.0378
39.7773
47.667
55.0854
52.5889
47.3566
48.8804
41.3654
47.5733
45.3594
44.8659
44.9745
44.0435
48.6053
46.416
40.5072
59.6053
45.4318
49.9877
49.3494
52.1593
51.8867
40.1612
51.0594
50.2057
44.45
47.2952
42.0801
48.5674
52.8856
50.8723
51.961
42.3204
48.4895
41.9796
43.3109
45.8955
44.7505
44.2574
41.0281
50.9477
47.7217
49.8225
44.3386
50.5907
49.3299
45.6616
39.9385
45.0023
43.0467
51.8779
50.3346
51.1759
59.8897
44.5275
53.984
47.3683
41.874
55.1234
53.8302
47.4827
51.2049
40.7782
45.8685
48.5486
53.3499
43.3855
40.318
44.1847
48.3303
44.0893
42.9956
55.2775
57.1237
48.5405
58.9776
50.2698
46.0868
61.1447
50.5714
40.7912
50.0678
42.7227
51.2612
53.0048
51.1595
51.2712
46.5331
51.9478
45.3662
49.5322
49.0889
54.2198
61.8863
54.2953
57.2878
51.0864
50.5724
50.4984
49.2227
42.6478
51.7333
56.0514
48.8792
54.7203
50.1131
53.2424
51.4191
49.0731
54.3225
46.0554
43.2279
52.4846
52.1014
49.6963
54.9135
51.0879
57.7509
46.3963
49.5843
48.689
46.9629
50.5724
55.1552
53.7786
56.6864
49.7869
50.3025
55.2621
54.5336
54.9801
54.6652
53.0953
52.7687
50.8627
50.9568
54.268
50.1767
53.0684
54.2849
56.6293
56.0529
52.9037
54.0498
53.0701
64.1162
57.6804
52.7233
56.5344
61.9103
54.1797
57.6536
62.8167
58.6144
56.5762
55.6991
55.1406
57.475
60.8333
61.8885
57.0733
61.6983
57.7659
55.8483
55.6265
54.3159
54.1378
54.3789
53.9513
55.3779
58.5129
56.5628
58.7804
55.8734
54.3618
55.1013
55.0158
55.8283
66.3432
54.7181
54.7432
53.8455
58.1409
55.5725
53.9254
57.8784
55.1356
57.4517
55.9339
52.5372
54.6381
55.6801
53.8176
58.045
55.8453
52.966
59.029
58.0847
61.0572
64.3798
56.2937
60.7237
58.1328
56.9613
58.092
53.0171
54.8483
56.798
53.4171
58.4304
56.9065
56.2739
58.2063
54.476
58.6787
56.3842
54.1596
57.4286
56.335
63.2228
57.4534
55.0738
57.1165
56.6758
54.052
56.5063
63.2157
54.5692
56.1149
52.8579
53.3701
54.4464
55.7249
57.0345
57.3048
56.4164
54.6208
53.0282
55.399
55.6536
57.6947
56.3169
57.0877
56.4268
54.51
54.8295
55.8775
54.1443
54.7572
57.5834
57.2166
54.2739
58.5418
55.218
50.6159
56.2186
57.9614
57.7315
56.8095
56.7589
53.9616
58.7602
57.4071
54.166
55.3826
57.5517
56.5906
59.6898
55.971
53.4679
55.9941
56.5349
55.7273
56.5192
55.6226
61.9414
55.599
57.1629
55.1009
54.6809
55.1884
57.1492
56.9281
57.1143
72.4305
65.4912
61.191
59.5482
70.048
61.0037
59.4263
61.7933
59.6967
57.1362
56.8835
55.5779
61.0317
61.1959
56.9354
58.6681
57.1238
50.2155
57.3873
56.863
56.0749
57.2984
56.1093
61.807
55.467
56.4552
55.9627
60.2891
65.4359
57.4837
55.6163
55.8625
56.2452
53.3318
55.4587
55.8646
55.1534
56.744
56.3645
62.1287
54.9171
55.2987
55.122
53.1101
57.2179
55.4015
60.3155
55.8112
55.6547
54.1237
56.9632
53.936
57.1167
57.2973
57.3488
55.6477
54.1278
54.2135
56.6036
55.2061
59.3395
57.3732
56.9684
55.1051
56.5912
61.5373
56.7576
56.5419
58.4814
56.5338
56.6561
56.0477
55.4949
57.4907
56.612
57.0671
60.3886
56.2486
59.6052
55.8354
57.8973
61.2491
55.7717
58.0711
59.8987
55.4296
58.713
55.8226
57.4348
56.1459
57.4324
58.0309
57.934
55.8754
57.1919
56.1778
54.8473
57.8699
56.6378
58.7155
59.0113
56.9304
57.2846
55.8801
60.6419
56.8072
58.0154
56.2927
59.5487
56.0994
59.7059
63.878
57.1159
58.0814
56.4206
58.7068
56.5989
54.893
59.4149
57.1529
58.3231
60.5373
64.0323
56.9384
57.4025
56.0114
55.9168
53.6055
56.7288
55.4221
61.1815
57.9277
57.0331
59.5697
56.1884
56.0333
52.1871
55.5808
57.4531
57.2901
54.3088
56.4804
56.919
55.6482
55.7757
59.2432
51.9622
57.7477
57.1807
56.3626
58.0915
56.0718
57.9287
56.7569
57.0017
57.2846
54.2362
54.8175
55.8828
51.9735
54.7227
59.5658
55.1111
54.5238
54.7455
53.2296
53.2274
53.0893
51.5729
53.9383
51.2693
50.1717
50.268
51.6537
48.7308
49.1027
56.1159
46.985
47.9671
52.0182
51.2284
48.877
58.7815
59.1981
61.4378
65.1951
56.3759
56.6861
59.7172
55.2017
56.273
56.5887
55.1031
59.0028
64.3476
50.1353
56.4186
50.8271
53.7414
50.2206
51.042
48.4222
49.7457
49.2184
51.4028
55.0561
63.7155
56.4188
56.0491
50.9458
55.5744
63.1505
62.3791
56.0704
53.0691
53.1024
62.3331
56.7077
52.793
53.3194
56.247
49.1333
55.1813
58.8474
58.5923
57.5976
67.7409
51.8658
50.6329
53.6275
52.4752
52.6795
63.6138
63.6948
53.7114
53.3591
54.9986
54.2286
56.8318
55.9926
54.4704
60.2898
60.2524
58.6779
53.3908
50.8012
49.6015
51.0355
47.8917
49.4145
55.0178
49.4838
50.7512
47.1003
56.7524
57.666
52.4178
49.5559
58.7562
53.1721
54.7746
51.0834
59.9621
54.0719
56.4337
50.1444
62.4956
53.5991
54.2407
56.5224
60.0767
57.4438
61.5518
55.1119
58.6196
58.1661
55.9635
53.8496
52.8062
54.9873
52.0995
49.5616
52.8435
67.4791
73.266
58.8957
64.1879
56.5342
56.7081
55.5651
54.482
61.3241
62.1872
61.6891
56.7132
53.6986
53.2218
50.0483
59.0396
50.1881
54.945
59.5343
53.3507
58.7563
56.2813
58.6566
51.6699
57.4563
57.0728
53.8548
65.6812
60.6476
58.1529
48.7286
60.8987
57.6423
55.5711
54.4419
56.9872
63.5934
55.317
55.2784
65.2764
49.542
48.8859
49.642
54.6048
53.4583
56.0555
54.6905
55.5782
58.9386
58.2937
51.5138
48.8097
62.7681
49.3368
54.3367
52.3931
63.046
61.7885
57.3777
49.5632
61.7798
60.3024
51.7531
53.3991
54.3483
66.1357
59.9284
55.571
59.2969
61.3604
62.2294
54.5001
51.0835
54.8887
58.7344
51.4908
60.7779
61.1318
54.2652
61.2961
52.525
53.2353
56.2211
54.8469
55.4434
57.8973
48.0894
49.5416
50.5711
51.0434
61.6734
60.355
54.5144
59.3413
45.9897
50.781
51.5029
49.3341
53.9054
62.7322
56.1917
56.9398
54.5456
53.7925
59.2462
59.7451
55.0932
52.9207
54.1225
59.1861
50.3626
52.0551
55.733
49.5516
48.2658
52.6518
58.5453
51.7651
51.935
48.3515
47.0198
53.2698
51.6748
50.1321
54.3776
53.6861
55.1486
60.0726
51.7987
55.9501
57.5399
61.5579
48.1273
53.1795
52.6233
53.2103
46.6842
47.0291
51.0522
58.1167
55.1734
55.1159
52.2314
56.4516
51.956
62.7091
58.1255
54.5357
61.4001
67.832
66.1436
67.6482
57.5034
61.115
55.838
60.9646
54.0563
78.7751
64.2943
61.7028
70.1665
84.6179
67.9
52.5171
57.2107
56.2028
55.1711
62.6207
54.9323
51.1906
62.0352
61.0978
58.1109
55.1405
65.8933
63.1474
62.2102
54.3168
55.0702
54.9839
59.9051
51.1005
59.333
59.2391
62.5976
61.3088
65.2175
55.6801
55.7116
58.185
48.5774
54.4452
64.911
53.7426
60.5403
55.0573
51.7692
61.7844
53.9674
50.7502
49.1736
49.9019
50.8602
59.4265
64.7117
52.167
52.5201
53.1115
48.917
49.0148
51.7174
52.5342
48.8309
53.2544
49.7787
51.0158
58.6347
52.8554
49.4842
57.0724
53.1144
54.6884
48.9898
49.3591
48.3816
49.2451
51.4254
54.7588
54.366
55.6784
59.4434
52.2999
51.3176
59.4892
54.1515
49.7826
52.6222
55.8674
53.16
62.811
54.5428
49.052
55.4431
55.1357
63.0346
54.2588
56.8339
62.3788
54.0075
55.7279
51.5965
51.1173
55.7496
61.4958
57.7314
52.0088
50.3543
65.0682
51.8786
53.1872
54.7275
53.1944
50.5341
55.5217
55.1139
57.2778
56.6753
59.0818
51.466
51.1242
57.1089
49.9552
51.5339
55.2251
55.3399
57.142
53.2326
56.021
53.0069
56.0294
53.9138
52.7793
54.1973
51.8084
51.0118
58.3606
48.2695
56.7224
54.8832
52.6898
50.5159
55.1677
52.1117
50.7705
49.9541
53.9879
59.9975
54.4019
57.7461
54.7596
54.6847
58.26
60.7409
55.146
50.2665
57.5741
57.5229
56.4985
52.1232
50.0692
52.9978
52.9801
56.4266
51.0442
47.9561
56.3237
55.5195
51.5412
47.8328
54.5986
60.5379
62.8488
58.5349
59.7977
54.8544
61.6106
205.797
53.5037
50.2345
51.5328
55.0888
68.9122
54.1704
57.9701
53.4073
59.1738
51.1199
51.6493
50.8541
54.4459
53.057
51.2784
48.7581
54.632
57.9423
54.9758
49.6932
51.0029
56.6872
57.2378
52.1011
52.6043
50.6672
54.284
57.7506
57.9527
64.3568
60.7301
59.9763
54.1149
55.3963
53.9117
54.3994
54.1397
53.6777
59.8979
57.5265
63.1063
51.4167
55.5988
54.781
54.0248
53.8568
53.387
51.5357
52.5525
57.0236
62.4891
58.5984
57.8354
59.7848
51.4272
67.7896
63.5604
58.1694
61.3559
58.0139
53.8069
57.9856
70.1316
52.4816
62.6803
65.5241
68.5395
61.6551
60.1982
58.482
60.938
56.9077
62.9963
68.1214
63.6237
63.2991
64.4247
61.5565
58.7673
56.0775
60.2802
66.7984
62.0953
66.8332
66.6762
66.9573
64.0847
66.0066
52.9891
65.3413
66.7784
66.1132
67.2903
67.8267
64.0705
70.5648
68.9262
62.1619
58.3217
56.7377
62.1185
72.3997
72.3131
62.0207
53.9013
60.5073
63.7748
54.4516
64.8125
66.0327
66.7977
62.2464
57.9364
67.9422
68.5435
56.0658
62.3502
69.0534
61.136
65.9419
57.5767
66.5309
58.1019
67.0812
56.0749
61.7437
65.2036
59.732
53.5309
57.4478
59.5366
54.6385
60.6137
63.6508
62.1805
64.564
56.9135
63.0834
60.0612
59.3833
69.6483
66.051
63.0169
57.4077
69.3267
59.8284
62.3507
55.8987
69.0067
61.8331
66.3333
57.9694
64.9763
65.2651
65.4026
56.4559
69.8447
61.1275
63.918
53.9803
61.7505
54.6209
57.4655
58.0724
69.4962
69.0599
66.6073
60.6132
62.5774
67.024
65.4247
55.1787
64.5408
75.4881
62.9165
51.7888
68.489
62.5393
60.5876
53.4366
63.3818
62.7882
66.6919
62.0628
64.4323
67.0451
63.0348
58.022
70.0335
64.3678
64.2272
54.3237
66.1452
63.5472
62.1053
61.7761
74.2885
67.6178
63.9875
54.2562
66.9714
65.6693
60.3435
62.5943
67.4015
68.1249
68.2165
65.3932
66.3992
65.2433
64.7395
55.8185
62.6784
69.0611
68.9279
63.9659
53.1054
68.1358
67.8451
59.2866
57.067
68.5998
65.9108
65.4697
57.0368
67.6013
61.7534
60.003
64.1454
63.8414
68.0467
67.3918
52.6896
65.2462
55.5728
56.2203
62.1027
63.4926
67.3569
68.0375
56.1422
66.5335
60.8787
53.6215
71.0762
63.41
67.2216
50.6679
63.8582
62.932
64.7097
64.1844
66.3328
55.3607
63.5597
63.8582
54.4104
62.0594
59.6092
69.1359
54.3302
65.0007
66.0701
63.4564
57.7108
60.9125
61.8499
61.5847
61.1035
63.0275
65.0478
65.427
52.5969
64.7087
62.7017
63.7155
50.5231
59.9112
67.6193
62.5281
60.2313
67.7285
57.519
71.0551
55.4658
65.1515
65.1503
62.9971
58.165
65.1403
55.0389
67.6588
57.2522
67.3084
63.6799
57.2093
55.9831
71.373
58.1907
58.2671
58.6766
64.9553
68.1479
64.5956
60.9434
59.1431
61.0962
54.3973
53.1045
59.4947
55.7984
58.9543
55.2429
57.4703
62.8615
61.1606
66.8891
49.1248
62.6789
61.2336
64.4776
58.6072
61.9587
60.4728
56.3289
52.7407
64.4235
63.5217
64.3622
65.7724
53.6353
68.8001
61.6873
64.6984
58.3564
66.8582
64.4223
65.714
59.6124
65.4689
52.3031
60.3112
59.5335
63.3161
69.4178
70.5576
65.5555
53.0291
54.122
58.1832
56.0569
61.2965
61.7026
57.6445
68.4125
53.0248
57.0479
64.8044
61.5862
68.7717
65.5953
53.3906
67.1946
64.5719
62.1119
60.9702
69.6992
60.4174
60.0371
55.2105
68.2751
69.5351
63.4854
60.9084
59.4362
67.3017
59.1918
62.474
57.1993
56.1169
72.8699
69.1823
63.2508
56.8008
65.3788
65.9897
69.7898
67.1962
60.6595
64.0532
65.5493
60.2477
65.3659
67.9502
64.4251
62.1653
54.4402
59.7058
67.7363
61.8217
54.937
67.413
60.9578
63.637
59.4305
71.8667
65.3931
64.7703
66.9721
55.8247
67.3299
57.5938
62.6546
59.1638
73.5291
70.0198
65.9201
55.9967
74.5268
68.6374
68.0996
55.5746
69.5307
67.5891
61.6138
60.5308
74.3513
65.4377
60.0908
59.7459
66.374
65.5489
67.8988
55.432
69.1963
67.5976
74.1217
66.6206
63.3319
68.116
71.6496
61.8671
59.1
66.6688
69.7965
62.3775
59.3719
69.996
66.8778
64.6269
56.467
72.2629
69.0604
67.3052
57.2162
70.9041
68.037
63.7875
68.7364
64.9244
69.502
64.2849
75.7071
60.166
67.8432
65.6228
62.7285
79.4979
71.8533
64.4759
65.9577
59.1157
65.2865
63.6934
65.7834
57.5085
66.1018
65.996
59.0912
62.2698
73.8711
67.3911
70.7337
61.9816
59.6123
61.2715
63.7837
65.9756
74.0474
71.6307
70.0849
64.8837
68.7362
64.8938
65.5217
64.6042
68.116
64.0011
68.9757
63.0545
67.3992
63.0547
64.3065
62.17
61.1356
59.2488
51.6222
53.3071
59.9514
57.8736
60.559
57.0594
59.7466
60.9036
60.892
60.0368
63.5699
60.9359
64.7584
63.849
63.1392
61.497
64.1134
59.793
63.0329
62.039
64.6142
59.3123
62.4337
61.1614
59.6174
62.1385
62.5434
61.5772
61.6639
64.8411
60.732
60.2008
63.4391
62.6962
64.5224
62.5048
62.4805
61.2291
63.2055
63.026
62.7891
64.2288
68.2398
63.0358
67.4616
64.0801
63.9611
68.8745
67.464
70.9261
68.2726
63.0417
66.6479
62.3925
66.3423
66.3564
63.6203
66.1276
68.9729
65.1117
68.5235
63.5985
62.8492
64.3433
69.1205
67.8521
62.9552
64.4283
66.8394
64.316
67.7848
69.3913
64.1572
65.5662
66.4782
63.2745
67.0099
63.4798
64.9949
64.1424
62.0018
63.8075
65.8797
65.9577
64.0586
66.3653
69.5502
68.4487
63.9339
64.5621
64.3184
64.311
73.0825
64.0238
64.7978
65.6488
63.8221
66.0883
63.6426
65.7271
65.9368
64.1736
67.2295
66.5587
66.0204
65.3777
67.5332
68.679
66.9176
69.3523
68.1437
65.1798
66.839
66.1257
66.1234
65.951
68.1173
66.4157
70.2318
65.7317
66.5579
67.1681
64.8852
70.4132
68.7808
68.6029
69.2508
72.8073
68.2675
66.6481
65.3911
69.4901
67.1118
65.2473
69.6436
66.4837
66.403
66.3299
66.1792
66.2915
68.1943
64.9586
69.8863
65.7674
66.39
68.7235
64.3824
69.4762
72.208
66.2738
67.6958
62.1558
68.9835
69.258
70.9871
68.9061
74.8149
67.3544
68.7665
64.3128
66.3956
68.4274
67.3265
67.4516
72.9356
65.3932
69.3031
66.4942
67.8412
68.3634
66.2124
62.1636
69.2477
65.986
66.9194
62.5685
67.4713
69.4862
68.0732
68.0561
66.8974
68.3456
67.7649
65.8227
67.3275
66.1313
65.0924
67.8101
64.8132
67.5368
66.0296
64.5849
66.3066
66.9292
65.6917
82.4333
79.9592
67.2152
69.3257
66.4557
66.4924
66.8537
68.2101
66.7248
70.539
69.1709
67.9186
65.7998
67.9892
66.8311
71.4556
67.1368
66.1466
70.114
65.7597
67.4236
69.647
65.1372
67.1237
68.5621
65.5539
66.5295
67.7283
64.6451
68.1557
67.4631
67.7191
66.94
66.6761
67.788
69.8431
67.9112
68.8556
65.3303
69.2445
66.5665
65.3206
70.0065
67.2158
65.7183
67.5871
66.1141
67.3289
66.6476
65.4094
74.3328
66.1166
65.4506
66.4444
65.1024
70.6441
66.9483
63.9549
69.7361
65.5915
62.9728
72.6276
66.6813
66.6166
64.4978
66.0992
66.2943
66.5217
65.5813
65.6401
65.6581
68.9646
67.4428
61.2887
68.9659
64.4059
66.5836
76.3223
65.7357
68.1865
67.4531
68.3408
74.3629
72.0368
73.8096
76.2913
71.5842
76.8236
75.6459
72.3103
75.3202
70.0626
69.4964
71.045
68.7415
71.2823
68.1854
67.1028
70.1017
69.0203
68.3662
66.9398
66.9589
67.9886
65.7509
67.7522
66.2733
66.64
66.1498
67.0533
66.1343
69.6859
64.926
68.8064
68.0363
64.5102
68.3393
67.7471
68.6653
70.0077
65.1189
68.6079
69.0584
63.9174
68.2852
64.9506
65.2158
69.5262
63.7189
65.9201
66.8897
68.928
64.7936
62.2759
63.1147
63.7957
67.4484
62.4412
64.8704
64.2491
62.2602
63.4987
61.3878
62.5374
61.2687
63.2384
62.1
61.7159
62.495
62.9623
62.7181
66.327
63.017
64.3856
61.6544
62.0013
64.4038
63.7558
68.343
65.7268
68.0264
66.7284
66.5172
75.9189
66.521
66.1513
67.8541
67.9904
65.7444
68.7807
65.9453
68.0002
68.6211
63.34
66.4624
67.1967
66.5821
66.3863
68.3581
66.4182
68.473
66.2058
67.2171
66.9925
67.3273
66.8999
65.5463
67.6843
66.305
66.4333
67.9847
65.6581
67.4932
67.1319
68.5163
66.8518
65.6424
66.0735
67.3891
66.4195
65.9969
69.0772
62.7677
68.0432
69.506
64.6319
68.617
66.803
68.7396
68.7411
64.5704
68.7396
73.4399
62.0696
67.3199
67.8214
68.3009
68.9271
65.6206
67.4798
66.9131
65.576
70.041
68.6066
66.5352
70.8865
65.1518
68.8649
67.1668
65.3398
67.1388
65.5525
67.6963
66.0228
63.3148
65.7813
70.0764
65.4364
67.2602
67.6933
66.3445
66.022
67.7206
67.2778
65.4926
64.7626
68.5947
67.7595
67.3572
68.8318
64.8906
66.7817
65.5492
68.1518
67.7342
68.4344
69.1836
74.0816
69.771
73.8341
69.0162
85.5584
75.6478
78.6667
71.6807
68.0831
69.4997
72.8078
69.5124
73.1698
74.2566
111.134
71.2615
68.8758
65.9734
66.4187
67.0105
69.6696
71.9893
67.3605
67.7446
63.024
77.4565
77.8367
71.1413
66.3066
62.3283
69.8331
69.9286
66.4085
68.1352
67.2387
66.1325
70.7712
66.2186
64.8373
65.8915
64.8218
65.9855
78.0027
67.5389
69.9849
65.5762
63.5258
65.0183
64.7108
65.1992
64.6579
62.9206
65.1528
64.1305
65.2328
70.8793
60.359
62.8374
62.1074
61.6831
66.392
63.2185
62.7972
69.627
67.7294
62.489
64.7779
67.5908
65.4407
65.268
63.5997
65.3628
63.9201
70.2541
77.1372
65.4669
62.8095
69.3292
66.2069
66.8455
65.8131
66.2149
69.504
73.1352
69.8594
73.0986
66.1049
77.4866
73.0967
70.7434
61.1394
76.4225
71.8747
73.8796
61.9096
77.8266
67.6697
62.7044
69.3794
73.1387
74.5091
65.6974
73.9807
73.8453
70.0645
63.6849
81.2727
74.8007
64.5448
73.1522
79.5621
72.1051
62.3356
75.658
72.6297
66.1157
78.5913
77.1438
70.01
70.1448
74.2683
71.0657
62.4387
62.2688
57.389
71.7143
68.6569
77.4021
64.8766
72.1502
78.3586
79.1813
68.2012
62.3501
74.4449
65.3607
65.2131
74.1702
69.1469
62.1684
72.1147
73.2685
69.6205
60.1819
76.2599
77.4682
70.9444
66.9834
81.3611
70.018
62.9897
76.945
71.7712
68.5807
61.9343
74.207
71.9593
68.6013
65.306
71.5335
70.8063
71.3552
65.6739
70.1012
68.5654
75.2288
74.87
73.2327
72.75
72.9516
60.01
74.2004
70.3947
70.2819
78.4512
73.7042
72.6766
68.8785
71.582
77.1288
64.24
74.4828
72.4201
70.9517
69.3036
71.074
69.4018
68.7607
78.3847
77.7856
74.0333
69.0224
71.9841
75.2825
73.1474
77.8374
75.0382
68.5745
75.6867
72.5691
73.6437
63.6373
71.1004
70.2574
69.8032
72.4944
75.0021
70.1396
60.5001
72.1482
76.0719
65.0744
75.1284
73.4284
71.7626
62.8986
73.0517
75.2742
64.3362
74.7579
86.2434
72.8143
64.1604
71.7731
71.6075
64.5664
72.8077
73.6677
65.8969
72.2268
73.4758
70.9817
69.6866
68.0324
71.9389
62.2497
63.1227
71.654
70.9302
61.9494
72.5171
70.9406
72.8979
66.2237
74.2423
74.5506
66.4653
72.4355
74.0804
68.2913
58.7825
73.338
72.9072
67.2069
76.4603
72.6043
69.9644
64.9089
77.185
72.5231
74.3777
71.6405
72.8817
68.7292
65.4582
72.5272
76.2825
64.1251
75.2146
67.7381
69.7704
58.0131
70.2026
72.6012
63.5294
75.8578
75.5621
70.6859
62.8401
76.5961
71.6999
65.7586
76.6771
72.1341
67.6455
62.4989
71.5283
73.8023
58.6026
73.9919
67.1404
68.4143
62.3173
72.5496
71.3899
68.7695
73.0368
72.3171
67.5421
58.5887
75.9588
75.4104
67.2186
66.6965
72.3389
71.4023
60.9831
70.0228
72.9669
72.2889
58.8399
64.9363
69.1151
67.8758
57.7299
73.9733
70.7895
70.2038
70.7338
68.0564
68.524
56.2057
64.3409
70.5186
68.2214
58.3964
68.1873
70.257
64.2679
58.928
72.4669
65.3291
66.218
63.8299
67.1055
62.5794
64.4423
68.4481
75.3733
56.3789
73.8887
70.0003
65.8172
62.9475
70.2664
68.3158
57.1079
70.2553
71.5282
69.5269
59.6745
70.8048
70.4647
70.6325
73.5557
75.2698
63.1892
63.1127
73.3635
69.1881
75.8858
66.1851
74.6231
66.6514
69.1887
62.9015
71.5796
68.631
65.0331
68.0988
76.5537
61.9115
70.7879
69.7832
70.072
70.4465
65.5386
75.2224
74.5599
68.442
75.4078
73.1998
73.3006
66.6785
65.1481
68.7417
71.4282
72.3051
73.297
69.8971
69.0002
66.9944
77.5668
70.446
70.0634
74.6533
73.9579
70.5965
74.2993
73.1953
63.7823
68.9168
76.0313
73.868
76.534
71.3977
63.3202
81.0528
67.7446
68.8692
79.5713
74.8834
76.7033
68.857
81.7162
71.6424
67.1844
68.8024
75.8887
72.0736
65.786
71.9945
73.7149
72.6542
72.8876
76.6432
72.8476
64.2734
73.8873
74.2461
71.9033
75.9839
64.4383
72.0662
65.6302
74.6694
71.2985
72.4556
62.781
78.6336
76.657
77.6371
81.2338
76.2406
75.0328
64.4377
79.3223
76.0715
65.2794
80.6245
79.5124
74.1719
64.9893
77.0438
78.8335
72.5148
73.0388
78.987
74.8306
74.7153
77.0525
77.4672
79.2222
68.2291
80.9039
78.1292
69.7083
76.2603
75.736
74.222
64.9945
79.6486
78.4574
78.7015
76.7494
83.0301
81.1752
72.7642
77.79
78.7917
80.0769
66.2136
80.988
77.0138
75.0785
71.5076
81.8288
77.7287
76.6766
78.683
80.691
75.1938
65.7738
77.1626
80.5258
74.4025
66.8173
83.2022
80.088
76.1317
65.1847
75.7456
75.1755
66.3131
85.642
78.4574
73.7563
62.0464
76.5391
76.7215
67.1052
76.87
79.4943
75.4456
72.3762
78.1147
70.9339
70.2799
78.5844
74.838
77.1434
62.653
78.3509
76.7453
73.2398
79.3185
73.8526
78.6204
67.6362
78.4943
77.6861
75.285
74.4626
81.486
78.5335
68.3224
79.3688
77.6743
71.9091
68.5327
78.4142
72.3763
71.0662
74.4899
77.9933
77.7311
71.3011
75.8855
76.2232
67.1504
75.7238
74.9796
63.8992
72.0218
79.4083
76.0234
64.5323
69.2423
72.7543
75.785
65.5061
78.6967
76.7718
77.3094
70.7904
74.0865
78.0065
68.9276
69.4905
75.435
77.7836
77.3859
74.0995
69.0099
69.964
69.2925
77.8675
77.5573
77.5392
68.9776
75.1313
73.2958
64.5958
76.1442
77.0119
77.9328
65.37
80.0485
73.0782
73.935
73.9506
78.5346
83.3595
73.5032
81.1961
76.9795
77.1059
69.3563
73.2654
78.2181
74.9759
64.6866
80.2601
80.5436
73.463
79.2308
76.9396
76.5991
80.5967
78.0557
80.4799
72.6542
67.2968
80.5819
78.4081
82.1128
66.5856
81.1573
80.4926
78.9502
73.2864
82.9629
80.1009
77.6494
67.6692
81.5982
77.7563
76.8622
76.7556
81.7601
76.5234
75.3783
77.8773
78.3222
77.4873
69.5399
77.5954
79.5498
76.8169
79.2297
84.0074
82.6748
75.3796
76.6998
86.9031
85.9248
81.8123
79.2177
79.6239
79.3403
77.3793
78.2615
80.7929
76.3658
69.5714
79.1033
82.3271
81.2686
76.5989
79.8716
81.1249
77.0537
89.3812
85.3868
77.7498
70.1441
85.8392
81.2579
80.0454
77.7253
83.5248
79.6655
72.8084
70.5119
77.1442
75.653
71.5142
80.2577
72.053
68.3169
76.8316
80.4361
77.3355
77.5691
76.2576
81.8691
73.9228
80.3243
77.339
76.7555
80.1517
77.052
77.6978
79.1409
76.854
79.0405
76.9369
78.0329
78.4543
75.9585
79.7964
72.1456
64.9583
66.9965
69.5261
71.5612
68.1812
66.5767
65.7134
68.4776
66.3726
70.5602
66.5219
69.4628
68.5003
69.6968
74.4662
70.0013
71.9521
76.2954
73.3435
77.7874
71.751
75.4458
71.2381
73.2319
77.975
73.4793
76.0856
69.6554
74.6405
69.1222
68.9554
70.2957
67.3443
70.9681
70.1092
69.7955
71.0806
74.0282
72.8373
71.3768
67.4755
70.3327
75.277
74.6211
69.757
71.1385
72.711
87.3766
77.1965
77.414
74.5669
73.9301
70.7473
72.1541
73.0333
72.0176
75.4059
74.8187
71.6254
77.2564
72.7459
72.6103
74.851
73.4539
80.1831
72.9892
71.8423
72.9352
78.7936
75.2294
80.7425
78.4124
76.2729
73.1383
73.2133
74.1408
73.1494
73.4691
73.2414
72.4447
74.9991
75.6177
75.4985
75.8424
72.4479
71.6178
75.0965
73.3096
80.1147
73.5457
73.9309
74.5006
73.8423
73.5658
73.3328
72.2249
74.9865
75.392
73.1684
74.6566
74.8906
73.9287
80.5294
75.0589
81.899
72.7666
74.7936
73.632
73.9911
74.8253
77.4674
76.5879
81.469
76.4727
76.3069
73.656
72.1433
76.511
75.4356
78.1603
79.1078
74.3921
74.9351
73.3106
74.0448
72.6544
73.8864
73.8579
75.5965
72.9234
74.9762
73.8258
74.0095
79.7944
76.366
75.6508
76.8649
71.9501
76.7973
73.0818
74.927
77.0955
73.6459
78.0818
81.0953
77.2056
74.4502
79.7886
80.1837
77.9225
81.1205
78.0192
79.4454
74.4592
77.4474
76.5954
74.8161
76.8781
75.0978
75.7806
74.6753
71.7414
75.0571
74.0057
73.177
76.0463
72.3956
76.3643
75.9743
72.3803
74.2014
72.5973
73.8373
75.3075
75.9825
79.668
76.5308
73.0812
75.0494
70.2894
73.6716
76.7561
74.6818
77.172
73.9751
76.642
74.0757
71.4232
76.7519
76.3495
72.9615
77.7389
74.2566
74.7084
75.3938
75.7184
75.6574
77.3541
74.8956
79.6556
75.9506