18.1742
29.1496
34.9821
35.5743
36.2205
37.0603
34.1154
32.7749
33.029
63.8653
55.095
53.5147
52.4323
52.5313
53.1808
57.5492
56.4769
53.3082
54.9192
49.877
52.3666
48.3982
48.6134
47.2266
52.2414
48.8556
48.0791
47.7404
54.1921
57.2769
47.2462
47.392
67.027
53.5398
47.7974
51.2184
48.3957
49.8394
53.169
48.3627
47.0391
47.984
48.9536
47.4606
50.0771
46.6693
49.4558
52.2039
50.9313
48.7129
47.1639
51.2299
50.6418
51.9751
54.5797
48.1657
51.4784
48.8607
51.4956
49.0589
60.0124
48.4386
48.4326
48.7881
54.9046
46.6287
44.3891
49.9059
46.9647
47.5458
49.5076
47.5196
48.959
49.6908
45.8584
48.4977
49.3328
48.1296
51.8803
47.3808
45.4929
46.4006
48.0395
49.5757
50.1421
44.8761
46.3235
48.9075
47.884
44.6703
49.264
49.1328
47.2905
45.986
45.0373
45.2441
49.7822
46.3267
44.4715
46.07
46.3202
42.586
46.9632
44.3909
46.96
43.8113
48.0117
49.7391
43.2468
47.8282
57.4024
55.7378
63.3325
53.5425
52.7773
57.4635
53.397
48.9502
45.3433
43.287
51.7718
46.3492
54.3327
62.4369
59.6532
49.9621
51.5645
50.7638
59.0636
48.992
45.3893
49.476
58.2014
50.3108
56.2557
47.71
53.2249
51.5483
44.1139
45.0272
43.6053
45.3102
48.1954
55.652
50.1504
41.8012
44.8393
47.3516
48.546
48.0099
43.2313
47.6467
48.1114
46.1456
47.2156
46.2148
42.6488
45.8684
44.4679
54.5225
54.2558
45.2874
48.8089
48.7959
49.7408
47.3762
46.9911
45.9571
47.3254
44.4709
43.837
46.4261
46.074
47.1921
48.5162
43.109
46.6579
48.9331
46.0981
47.5561
49.8137
52.1096
50.6579
45.9993
48.0502
50.0895
53.3947
50.5627
47.7162
47.6053
48.0576
48.9339
48.4925
48.0155
49.0619
50.2749
43.1811
50.1411
48.1013
46.9635
48.4676
49.6436
50.7697
50.2764
49.7247
47.5443
49.3103
48.2945
46.693
49.1788
48.336
51.2356
46.4919
47.1925
47.8177
48.005
49.9859
44.1938
50.8806
48.5377
45.9467
50.8674
47.7159
48.1876
48.3334
47.954
49.5099
47.8165
46.0799
47.1168
47.7527
50.1159
43.4035
48.4731
47.3802
49.1343
48.5808
47.4344
47.1785
48.4301
48.9614
55.3453
49.362
50.0674
50.2994
48.4481
46.6928
48.4708
52.121
73.2
59.8652
52.508
46.6897
50.2039
51.0576
42.1076
67.4553
51.6549
55.8819
51.4548
50.688
49.9257
46.8113
56.636
49.1559
50.3544
48.598
51.1949
58.7484
52.992
60.1591
52.9795
46.8245
46.8126
48.2454
47.4304
46.6775
49.3207
54.4522
54.1863
45.8978
47.6741
46.1002
50.6953
45.3858
46.4257
51.1543
50.2771
44.5682
47.2636
49.3024
47.8496
45.9762
44.235
47.0417
46.1882
44.428
49.65
45.4503
55.143
52.3455
49.5026
47.3346
46.7469
49.6584
47.2459
49.8279
55.8923
46.338
45.6917
46.5552
49.2376
47.3457
47.4475
46.2889
47.2732
47.3562
47.7056
46.1553
44.4232
51.0607
47.9917
47.9337
47.9299
45.741
46.166
45.6693
46.589
51.6972
46.6098
45.8034
47.3033
47.608
46.9742
44.8083
46.4973
46.2534
53.0189
50.3122
49.6614
51.9143
47.8231
57.3198
55.7993
44.7783
47.7554
46.4766
45.3465
46.1153
51.0731
52.5321
51.4499
51.5388
54.4381
55.0897
52.0956
51.6016
53.5012
49.1329
58.6807
48.2935
62.5277
55.3362
54.2837
69.8389
53.8644
54.6852
47.5774
51.1345
51.9109
47.2032
52.2926
49.5108
49.1382
48.1467
53.0739
50.8193
51.562
55.1718
51.4039
48.7778
49.5736
50.288
53.0292
49.651
53.9398
53.543
59.0406
56.5918
52.5879
47.7556
59.6366
57.7698
54.203
54.5941
47.9702
54.4702
51.8855
55.4638
49.3769
52.8721
57.5201
56.3317
51.5436
50.9734
50.8037
52.8937
53.4166
50.2948
50.4701
54.1278
54.2134
50.6217
56.694
55.763
58.6744
47.8572
62.6204
50.4005
57.178
51.7136
61.3593
57.218
61.5661
58.6628
63.664
58.4052
53.0948
51.6926
49.2458
51.7715
62.0476
58.6826
57.7013
50.4312
52.3336
57.5091
67.037
57.083
53.0017
50.5315
57.847
57.1306
50.8878
47.4207
50.0759
50.3312
50.4467
51.4219
52.0357
52.3348
53.3005
53.1168
55.1912
50.3099
52.239
51.9003
51.8564
54.2248
50.0282
56.0078
57.6456
54.6064
55.5625
50.2604
50.2838
50.8584
56.9378
50.7709
50.7745
59.1832
58.6457
56.5338
53.9642
52.675
52.2752
50.6688
52.9601
56.3776
48.8888
47.5027
57.8433
49.954
48.0223
47.7402
48.3022
47.8474
51.3848
55.8169
54.4064
51.4449
55.4184
50.3298
50.9237
53.2604
48.7818
49.4974
55.6091
54.1472
51.2476
50.6439
56.74
58.8353
54.7026
54.3537
53.6246
66.2419
61.8053
53.1699
52.2141
53.0691
52.0332
97.113
53.8725
57.6752
55.9585
53.4481
56.3298
54.1955
52.6185
54.5343
56.4741
54.1406
53.3061
50.7798
50.841
52.3922
55.392
53.3237
51.8565
55.3455
54.1211
50.5172
52.419
55.6769
54.2869
53.1197
52.6663
62.5575
59.4992
60.4792
52.0189
56.3152
54.6622
54.7216
50.9885
51.0605
54.1655
53.7813
58.34
50.4096
49.717
50.5167
47.9428
58.724
55.4742
49.8611
50.3136
58.3665
55.8532
58.144
53.0385
54.8222
57.3418
49.4108
55.3434
53.0695
57.363
56.4907
59.0736
51.7175
48.3298
50.1887
61.6114
52.7399
50.3952
59.4987
57.8272
56.7996
56.4923
52.0883
58.6199
57.4759
67.3627
64.1125
54.9509
62.2997
56.2297
53.4201
53.7066
52.2997
46.7666
64.1195
48.5367
49.3768
50.3207
49.584
51.7353
50.9422
50.5602
50.3087
53.5898
51.9543
56.5674
53.2775
55.603
54.3935
55.3922
58.6366
51.1657
59.0344
46.6487
56.5515
56.6735
51.406
46.5481
60.3771
53.3655
53.0126
49.7772
51.229
57.2461
55.9857
53.1122
56.7411
53.3246
56.012
60.6995
58.4053
56.8602
57.3059
60.3702
55.1817
53.4305
55.4726
54.546
54.0533
53.7223
54.134
53.5572
58.5204
53.311
57.6933
50.6331
51.3281
59.2679
57.274
60.6323
60.5017
55.1239
59.8948
61.5981
49.1171
58.1433
53.9361
59.6595
58.992
49.8703
54.688
51.3837
58.0415
62.6522
54.8716
61.4645
60.7499
60.0823
57.4592
55.4829
58.4232
53.3057
52.198
53.6478
57.5036
51.7882
51.9005
56.0054
57.1766
56.8394
61.1603
60.3709
59.9722
56.7053
50.2508
53.1019
52.012
52.5934
50.6972
53.4523
60.1398
57.4747
57.1424
52.4652
52.5955
53.1167
53.6994
52.8172
54.0977
56.9809
63.0202
63.9244
58.846
66.7332
58.3457
52.8165
61.5013
53.7613
63.9526
66.8857
65.8621
67.7428
66.3949
67.1658
73.1535
81.9222
75.641
70.991
72.7431
63.1523
75.902
71.2956
65.8356
68.3392
67.4753
52.5867
58.1414
56.2066
57.7305
55.9671
57.7483
56.2465
55.7574
57.3301
54.9748
57.6985
67.2665
58.9403
73.2603
59.1044
58.979
56.8127
55.7758
75.444
56.6887
63.3986
57.3692
59.3892
55.8673
56.2195
58.2564
58.7784
62.9832
61.8666
60.7644
58.2942
53.8683
59.417
62.6669
54.8912
58.8894
59.0966
68.7185
55.122
55.7026
54.0085
67.8899
50.7259
56.4479
68.226
56.1401
59.1459
52.5899
52.6107
59.0578
58.4282
55.1295
60.5307
55.0059
63.0811
54.1809
69.0956
52.5411
58.6351
54.9828
60.8084
67.1174
65.2202
71.4314
60.758
67.5518
62.9968
53.1345
56.0036
61.5637
55.4179
70.3043
55.0168
68.152
61.0416
61.7978
57.8109
59.7113
55.5544
60.3561
65.1703
54.897
61.7624
56.504
63.2099
60.9516
70.3351
59.917
62.6484
64.8314
60.2969
63.9158
60.7572
60.7519
66.5931
56.5155
63.5937
65.959
58.2084
72.5399
54.5263
61.7963
57.7825
69.8715
57.0264
59.3875
61.1537
57.9726
68.8535
54.1566
55.3977
58.7348
61.1464
66.8808
56.8841
61.4927
60.058
61.5229
58.0028
61.0602
57.0236
57.9347
60.1294
63.1722
57.8624
60.4372
63.1441
55.9607
62.1428
56.7219
56.5233
57.8802
55.6424
56.4409
60.6155
61.4381
60.2473
56.1943
61.4287
55.8296
57.5333
55.7876
64.3753
56.7775
71.801
57.8526
59.213
58.3318
60.571
60.7394
61.1147
57.9864
57.9112
59.3696
59.2258
57.4284
66.0802
67.3493
55.4242
64.6045
56.4156
62.3078
56.5147
58.8454
61.8692
60.6713
61.4932
62.8125
55.7308
62.286
59.8102
60.1069
60.3755
62.7695
62.8793
60.7051
56.9023
59.8783
54.5793
56.3051
56.7938
58.0602
56.564
59.5607
78.0675
61.2063
59.1304
59.1184
59.7581
69.5478
68.2362
58.8483
59.6822
58.4068
67.1618
60.0394
65.6449
71.7984
77.8516
64.351
55.216
55.4599
56.2371
53.9759
56.2965
55.5501
57.6883
62.6108
62.143
56.1855
49.9592
60.0579
53.9275
57.6179
60.4757
59.3442
61.8254
67.0759
61.2767
62.6601
53.1217
59.8165
61.7768
63.8601
78.7287
66.34
64.4091
72.4812
65.601
59.4368
63.4387
69.8993
61.3948
70.6219
56.6287
60.7812
63.4491
65.2223
73.7739
56.3621
58.3899
66.3577
66.0181
62.4784
56.4949
58.4307
59.6893
62.5453
66.3407
54.2846
55.7385
60.5464
70.4554
58.4383
66.85
54.5855
54.0758
58.9977
59.2985
55.4279
57.2184
54.7016
61.2153
51.879
58.3997
52.9513
61.214
63.9307
69.0911
57.9225
59.462
67.4142
53.3241
57.6854
57.4899
56.8456
63.9095
57.0231
59.4482
54.2853
54.8666
69.1539
54.3352
68.6199
62.0547
54.4873
63.5572
60.1462
72.1313
60.8378
63.7238
68.3381
55.8714
60.8191
58.9165
55.4054
60.9231
62.8263
61.738
68.4707
65.3132
165.775
55.3037
64.3307
71.5231
56.421
66.4029
53.8533
65.8
68.9248
64.185
60.3588
56.0356
67.0691
75.5458
66.3621
62.8052
63.7723
53.6875
64.551
61.9242
56.203
63.3308
68.6227
57.5702
63.8208
68.4444
56.8999
57.671
62.478
57.3852
55.2724
61.1004
60.406
56.7026
68.0458
55.9696
52.6533
68.847
64.959
65.0831
55.661
57.2406
67.9443
64.1267
64.2322
67.3205
55.8851
60.8769
57.2181
72.0671
57.9696
56.1514
63.401
68.7166
52.0542
65.6815
52.9913
54.6832
62.4654
56.2987
62.7963
56.5569
55.6807
62.7597
57.2211
62.8941
54.0681
55.1668
59.0591
57.3727
60.8492
57.7081
61.4342
60.5265
62.6705
67.919
68.6499
55.7502
58.2948
68.054
60.0756
66.5201
55.3014
63.5138
65.7722
67.232
64.6415
66.2929
59.8259
59.835
72.5812
66.8997
55.0925
57.0531
61.5425
61.1187
63.1445
63.3623
57.7642
72.8711
70.02
69.2083
63.7228
59.4802
61.9262
66.2637
61.9442
61.5478
62.987
71.2113
68.8885
63.9022
61.9807
57.4019
71.9196
60.7554
69.0313
54.7899
60.6659
69.8189
61.0235
66.3899
55.2135
63.2193
67.9501
69.8728
67.6848
58.8852
58.7669
59.2561
63.7249
70.6067
53.2517
62.4612
70.9118
67.2947
63.9147
63.759
53.4835
64.5877
62.201
55.7314
60.9476
59.0353
62.984
61.5941
59.5779
63.0177
57.0347
64.9516
65.1635
75.967
70.1358
63.221
61.6992
67.2342
64.2193
71.4341
58.0961
63.6044
68.8241
74.3577
72.7983
58.9942
69.6882
64.5222
58.9364
75.9082
57.7178
61.1811
60.985
73.8254
65.7607
63.7681
61.9457
73.5719
80.3183
70.2824
58.8171
59.0839
56.8456
67.0454
67.7052
70.7856
69.8066
60.0159
65.8959
65.2141
59.0696
69.7404
72.5311
64.9853
62.8659
58.7595
58.8588
60.8742
73.115
56.1367
57.4909
59.4846
60.1215
61.8542
56.6415
65.209
67.4013
62.5533
71.2437
61.5438
64.0103
74.1976
67.0818
59.8166
72.0697
59.9184
70.0854
69.6401
64.0295
68.6356
65.1514
68.3221
65.538
67.2652
66.8488
68.2596
66.1586
67.3088
75.3134
73.1802
72.4638
79.5218
69.6618
69.6378
72.3013
78.2044
57.6166
76.7992
67.6055
70.1878
65.9655
61.9046
70.2426
55.3667
56.7792
63.7027
65.5599
58.7964
73.5396
62.1171
68.2225
62.3075
67.4347
65.9229
67.462
66.1805
57.0772
58.1224
55.0912
58.5777
56.8967
56.941
59.1958
61.0807
59.2345
58.1762
62.4479
59.5752
67.6316
66.373
57.7499
60.3701
58.4466
61.1308
62.6676
66.7854
61.0033
63.7682
61.3427
62.3643
60.4595
61.523
63.5675
62.8291
94.9501
72.5597
67.2911
66.6383
71.0509
67.764
67.3633
76.9241
66.759
72.0961
68.6222
72.1699
66.2042
80.2284
79.3528
71.8862
62.6367
65.6596
68.0403
63.3542
66.2331
66.0444
68.1504
69.6298
105.408
83.4324
65.8931
74.8341
73.4499
76.1873
77.7503
80.1512
78.6749
77.02
75.9627
67.1902
69.7998
76.3046
74.6881
73.8193
75.641
74.1637
70.9815
75.2511
69.8372
79.0618
70.7458
78.528
75.2642
78.7877
70.9108
76.9159
70.593
70.5489
76.3361
75.3167
71.4157
67.578
68.2147
72.7563
70.359
68.7702
72.6256
71.0028
71.8451
65.3021
68.1422
68.3696
71.467
68.4269
65.9812
71.3162
79.1062
70.006
71.3619
74.9253
70.8061
69.0122
68.1054
70.1601
70.4113
71.4423
67.1427
68.5248
73.7311
72.2762
76.2513
72.1806
74.3896
70.0655
68.3902
65.6612
72.3135
72.3534
71.4241
71.0479
67.6404
69.2456
70.3682
73.6237
72.7329
72.4134
74.1556
72.9617
64.6257
87.6796
67.7112
68.2467
65.7971
69.3134
67.7799
71.5627
63.1617
66.826
71.0369
67.4226
68.7301
72.5314
65.1071
70.7565
71.046
69.1162
69.4812
69.5527
70.0835
71.8815
70.9164
68.9786
68.989
70.1552
66.2688
69.7247
68.1698
65.2305
75.8949
67.9691
71.1022
68.6773
68.6979
68.2778
71.8754
68.8936
74.568
71.4189
73.0811
70.5612
71.6893
67.4559
73.9876
73.7943
70.8328
68.4611
67.893
65.5288
68.4645
75.2614
71.3113
71.2294
73.837
67.7972
73.2523
66.7379
71.0365
69.1916
67.2522
74.4213
69.2344
72.9642
68.7726
76.214
71.059
69.4152
66.9326
69.3068
70.5285
67.6256
72.7036
69.1603
65.6505
68.1552
70.5474
74.3401
69.2303
73.1617
70.9714
68.2348
70.2334
68.3561
70.0056
66.1327
65.0869
70.0179
71.2915
64.4045
71.9214
68.7377
74.4721
77.6333
68.1579
64.8258
72.8933
73.4074
72.0117
71.8652
70.4121
67.7557
72.1904
73.087
66.0476
71.5065
73.2548
71.2226
67.1433
75.7602
72.6071
73.9492
70.1391
66.9536
65.2527
71.7627
65.0836
76.262
71.9753
75.01
67.8277
71.2479
70.4252
66.129
70.4081
67.1478
69.122
69.1247
70.9056
68.3114
72.9585
71.2676
66.6849
65.8817
69.1663
77.8069
73.4265
75.8539
81.3111
71.1048
79.1395
75.8182
69.9537
70.1908
69.6345
70.3852
79.4488
70.4398
72.9901
72.1538
70.7147
67.9869
72.8561
70.573
70.8433
80.7713
71.7728
69.5253
66.9637
71.1918
64.5454
71.5316
72.2578
71.3417
72.0394
72.5505
65.2244
72.5717
67.7793
64.0716
69.9791
66.0372
67.0626
71.1147
67.3739
68.2442
67.886
65.9656
70.7964
65.7797
70.5722
71.3465
71.8857
65.8073
69.9576
67.9411
69.6565
83.8144
76.1644
69.5229
66.7178
71.6421
68.3732
73.5518
71.0538
69.3265
71.4468
68.1073
69.5563
65.854
63.4138
67.4497
68.1517
68.109
68.7605
74.836
66.6976
64.5416
61.227
68.5775
71.8139
82.3306
71.7237
74.7928
67.7771
71.4069
66.0551
77.1358
64.0251
69.9907
64.9909
69.5421
77.9781
75.9043
63.6101
66.3348
66.015
65.6568
66.6898
66.3345
66.5976
65.2275
66.8518
73.8707
69.4825
78.4254
72.4403
72.0079
65.1481
63.9598
75.7719
72.0392
75.8193
64.8375
66.2582
76.9472
68.8316
72.3319
71.4882
68.6368
63.2895
67.0986
76.1464
78.9853
74.1193
75.6637
70.6687
68.9165
76.576
72.3262
69.0821
75.8598
79.5228
69.5213
72.0728
94.5196
82.1622
80.2624
73.0773
67.5651
78.2766
78.5242
77.4304
79.571
66.5261
61.8528
77.453
68.0884
63.17
77.019
63.9759
60.6917
66.8567
72.2711
76.7424
66.9238
62.6296
76.3476
66.9826
66.1007
67.8965
68.3943
70.0642
64.8195
64.6044
70.3012
67.624
65.6798
62.6761
66.1552
73.3102
67.4575
66.664
61.8211
63.5868
61.4479
77.4043
67.2788
66.3166
64.1671
64.082
64.4163
65.5115
68.3508
69.2234
75.1588
64.8324
63.8931
57.8177
60.108
68.6746
69.2971
75.6518
66.0127
67.6904
60.5929
64.2047
68.8696
60.9563
63.5716
68.3611
72.3627
73.7081
67.6999
68.7268
61.7148
68.5313
62.8685
62.5474
75.0059
77.1137
69.6957
72.8336
75.8983
73.6556
69.0503
71.9669
82.2287
80.0606
76.6213
70.1504
79.4382
62.2327
65.4299
65.8299
66.2994
68.7562
67.9519
63.2433
72.6232
72.136
79.8019
65.4433
71.5862
83.1216
64.5602
72.4265
65.7146
76.3008
73.6091
87.2875
61.0517
72.4334
75.3493
67.0831
67.9647
64.5621
75.8066
72.8648
59.4893
69.4885
74.1473
72.5592
68.0014
69.8826
66.1323
74.1464
61.9534
73.3758
75.5949
68.852
73.3118
61.4885
65.9295
71.3404
73.7326
67.5053
72.4532
59.1609
63.0758
63.208
69.7088
70.683
73.9158
63.6963
67.8244
64.6278
59.5578
63.6
67.3097
62.2533
84.2939
68.7314
67.2044
64.6474
67.9404
64.5772
77.673
68.4065
63.174
63.6209
74.0291
67.4797
68.7463
75.477
69.9821
67.6517
70.2842
72.1031
62.7854
73.1157
71.8587
71.1036
69.2489
61.3597
66.0662
60.8435
65.5639
68.5854
74.4552
69.1148
73.8005
66.4405
69.0266
76.3594
70.9771
67.6887
70.7426
61.3247
67.6917
65.8283
67.8773
67.4361
66.0762
68.7743
62.9754
64.1313
75.7112
66.679
68.8998
72.3681
70.3772
67.2222
62.3477
61.0363
75.6854
65.9137
67.7743
68.1448
73.5407
69.3054
67.9294
67.9378
69.1268
66.9424
68.897
65.4987
63.7722
70.6904
74.5685
65.6848
64.0345
72.2033
68.3585
61.0354
62.4983
59.783
75.9334
69.7353
67.258
60.6095
63.1426
72.4378
61.2926
69.1619
67.2258
79.0809
74.1435
79.0821
60.2682
65.7946
70.0944
66.9346
68.3708
67.8308
67.3813
68.5392
66.0161
66.9566
66.3325
69.6701
62.3196
65.8337
64.2423
66.4724
72.0025
67.7407
60.3603
63.9896
65.7579
66.1028
71.5411
67.5342
66.0732
62.0423
59.0299
61.7926
66.0378
67.5971
63.5659
61.2317
63.2864
71.1285
73.1641
63.9381
65.0303
60.0405
62.9119
57.6952
62.9615
59.7777
63.4419
68.2447
63.4918
60.7218
62.6353
63.9629
63.6681
59.5708
67.1908
63.5785
68.8485
64.6298
64.4494
64.2576
64.6865
74.3293
68.6846
67.3125
73.3233
68.1504
62.4385
60.8119
61.8433
63.2972
75.8163
65.3561
65.4039
60.0243
77.4773
64.4717
65.5678
66.9781
65.935
65.7937
66.3269
74.5051
70.0006
66.6541
72.1438
66.0062
65.7566
68.3978
62.7718
74.6025
66.8442
66.5229
70.2353
67.6678
66.3507
69.1592
66.9244
71.7235
71.3374
68.49
68.0355
62.0924
79.9825
63.8093
69.9232
67.6778
69.6133
64.9049
72.9736
60.7626
61.2893
61.8878
59.5479
68.9417
60.0583
66.47
62.4882
62.0265
66.3756
64.1468
64.9376
59.9162
66.6911
63.543
65.2439
65.837
62.7258
64.6344
63.8369
64.8514
65.2819
57.0424
66.1441
68.9566
66.6287
64.7884
70.3578
65.2389
81.1187
58.5009
65.0675
65.5947
65.9006
311.612
66.9327
60.8626
60.8673
67.5938
66.0777
67.3167
65.4271
73.0742
79.2907
70.3469
70.2542
71.5599
73.8475
72.8061
62.6273
62.117
68.6125
71.1263
77.7099
64.337
65.5202
67.389
74.9121
65.7851
64.2018
65.6537
71.8004
70.9894
68.8113
75.5656
70.87
67.1758
68.5887
71.2867
61.8624
81.7384
66.5094
63.932
71.7358
69.0722
69.4642
64.2372
57.1045
64.7499
61.9146
62.7185
64.7193
60.3059
64.3411
61.9367
66.0383
63.0904
63.9466
65.4572
65.7879
76.3955
74.7235
70.1732
74.8541
71.0284
63.7311
66.5763
78.1723
64.1016
79.0668
78.349
72.6591
74.4798
75.9071
64.0596
70.9077
66.2306
69.7708
79.225
78.2326
77.8348
81.1132
74.1778
70.6161
67.0116
69.6659
79.4398
70.5398
75.3797
74.3841
80.4625
80.6545
77.2217
70.7832
77.1165
84.251
78.855
86.0947
82.9262
78.4211
80.5099
75.2304
78.7994
70.1101
69.7691
68.872
80.7
79.0056
72.5769
68.2147
76.3651
71.8302
68.8133
73.5364
80.6143
77.073
79.3562
67.8103
82.1922
88.9331
68.6248
77.5446
85.8567
80.7485
79.3426
66.5708
78.4223
68.6261
80.0431
72.5417
72.9666
76.3984
70.1019
66.3827
69.1875
72.7149
67.425
85.3121
88.5063
70.6301
72.627
70.4863
81.6414
74.7661
71.2997
77.8896
77.6073
74.6803
63.4254
79.3957
74.0304
82.7205
67.0794
76.3687
73.4282
77.868
65.794
79.2274
74.4141
75.1165
66.9622
84.0055
81.7422
73.8234
69.3147
80.1282
69.1993
71.4748
68.6354
80.7094
82.5276
81.6451
75.7857
75.5936
80.181
81.4806
68.413
82.5816
73.7074
80.7197
65.2573
84.9796
77.9364
78.9822
72.4794
82.8531
83.7122
83.7143
75.5689
82.587
83.8513
82.3788
89.2361
111.537
87.5652
79.6266
73.8387
81.801
76.273
75.126
73.9557
84.8478
85.0257
76.0339
70.9922
88.2992
84.9727
78.9835
78.4475
75.8446
82.7277
76.6229
75.2719
86.883
86.1154
80.3264
76.4923
74.5823
81.8342
84.607
98.7338
64.2136
78.7107
75.6258
72.9231
68.4784
90.2412
78.1952
81.1386
68.8922
83.854
77.863
77.9294
81.3554
78.028
82.6004
76.7903
69.5494
82.5675
77.5462
68.276
76.1716
79.7826
83.4981
81.6995
72.5195
80.696
79.5384
71.4154
90.3709
100.215
78.464
70.224
71.8189
77.8621
76.9647
77.3511
80.4968
69.5886
83.0029
83.9264
76.6496
76.3833
103.749
80.3612
71.9253
84.3684
79.9278
83.1333
71.751
79.6102
83.6635
78.8082
75.1296
80.9397
77.3359
87.7413
67.9087
76.3088
79.6106
111.858
83.523
80.5508
96.0818
82.1622
70.3533
83.5892
74.1764
85.8589
69.1654
79.0801
82.9084
79.5229
71.6762
77.5107
69.1669
81.8011
68.8511
79.1789
78.6627
72.4774
68.6222
72.9474
72.5308
71.7089
63.9547
70.9888
78.9687
82.8667
77.1313
75.5324
75.8523
66.4523
68.5539
66.9464
68.7469
75.3156
67.2534
70.0826
74.7254
72.751
76.8746
64.6754
81.1627
78.7199
72.9456
64.9245
73.6623
72.3339
68.1665
68.5957
72.5367
79.1079
81.1424
79.7233
69.4095
83.6177
80.1721
81.17
67.255
82.6388
75.3985
79.5546
79.5719
76.1717
70.1822
75.5645
69.2407
81.7354
80.7493
78.7842
73.3189
73.8233
70.4143
73.5039
70.1734
71.9273
79.8844
75.7685
83.8134
72.0275
70.4221
82.3534
79.2705
85.425
83.4832
73.3187
85.8151
81.1989
81.9685
74.5529
84.2058
78.6395
81.0414
68.3057
82.0541
85.8703
86.5574
82.1704
75.3922
81.072
76.1919
84.2068
88.492
76.6512
92.2461
84.609
83.0446
71.7564
78.9372
77.8126
75.3066
82.3009
78.3757
79.2729
78.0977
68.6285
80.7154
85.7877
78.6161
67.4659
68.6524
74.2228
83.1445
74.0216
70.0702
81.0048
73.5516
76.8161
68.0791
84.9882
79.2945
77.4859
82.6654
73.0035
80.8435
72.4775
73.2805
75.892
86.0324
84.7288
79.2062
72.4671
86.4288
80.4982
82.5921
69.9576
84.0678
82.0902
82.3439
74.1532
84.4622
82.6446
84.0457
79.1747
84.9759
88.945
84.5767
76.9178
83.8151
86.0552
90.081
87.4695
77.197
83.9044
90.4883
81.9114
73.3703
86.2266
86.6273
79.8778
74.3223
89.0101
84.0294
90.5663
75.3
83.199
86.3896
92.6506
73.13
95.2629
94.58
82.3145
79.4647
79.7706
80.3455
79.6532
73.6557
78.0539
77.5708
79.7691
73.6381
88.0407
92.6681
79.8432
87.171
75.4214
78.7717
78.9666
81.1632
72.8946
83.6468
79.5285
76.383
78.5053
86.2167
87.3286
78.4257
76.8981
73.2475
75.595
78.0591
73.3936
84.2105
85.0548
81.1836
80.7231
79.5175
78.3457
77.3356
80.2639
77.8923
84.3611
86.0779
78.1321
78.2704
77.7861
77.9545
71.4572
81.5312
81.3589
69.3001
78.7155
77.2868
72.669
83.6268
73.9034
79.699
73.9659
75.2507
74.4083
73.9734
73.5044
77.3069
73.7344
78.6872
78.1282
80.484
77.0143
73.7793
74.8442
75.8084
76.0232
80.4541
82.8322
78.6385
81.1453
77.1394
79.5476
77.7822
73.1654
80.5148
81.7494
84.1523
73.6915
75.5195
73.7762
75.8054
73.7027
77.5305
74.7359
77.5669
77.4527
77.7505
75.2325
77.0186
77.4524
82.3396
79.9643
77.1731
77.9847
76.8704
74.3376
79.6724
78.2089
77.5312
78.2441
81.5864
79.4084
76.4362
75.216
75.6972
77.4132
79.3973
77.1875
77.8925
77.4129
74.9946
79.7186
80.6955
75.9399
78.9162
77.3708
78.0436
79.7682
79.0256
80.7843
85.3092
86.1402
94.2052
89.1322
90.8953
85.1116
88.47
89.9783
80.7522
83.9179
82.6442
82.1044
91.9342
79.7563
76.9457
82.9515
81.0174
83.8526
83.4925
80.1421
83.3159
78.4958
86.3678
81.7961
95.2671
86.7157
79.2762
81.732
80.9233
78.9803
77.8354
79.3607
79.4285
89.4207
79.0448
81.0351
79.6114
77.4843
78.8914
79.9556
79.3811
77.0439
75.6291
79.0013
82.3857
79.9601
81.9053
76.5444
77.9294
78.2426
78.8972
79.2477
81.7543
80.2867
82.4247
79.1149
80.0263
76.9437
78.3933
79.2655
78.8616
86.0566
79.7964
76.6732
78.7383
79.3323
84.0267
81.1741
80.8886
81.8146
80.8165
74.4982
79.608
80.9979
78.1276
84.8881
91.4333
82.0481
84.3154
84.5238
83.9557
83.5237
80.4147
77.6046
85.4066
82.1785
82.5126
84.731
86.9282
85.7151
79.6709
81.7545
78.7716
82.6086
79.7631
82.0557
92.1415
83.506
80.1689
86.1383
86.951
91.9981
83.6165
80.1926
98.9158
78.2793
80.2298
80.963
81.1128
80.7036
82.3651
78.8777
82.012
81.5683
82.5745
75.5431
88.538
74.8748
79.8049
79.9201
80.4603
78.311
80.9072
80.7173
82.1424
85.7097
85.6328
78.7618
83.8379
87.4962
85.8499
84.7688
81.0668
103.387
90.5285
83.6052
93.3409
85.2537
85.2227
89.365
86.5173
86.7434
86.5666
84.7134
88.6062
87.1497
83.1242
84.6355
82.3594
85.9895
80.5328
83.8827
88.3021
84.9691
82.5532
86.1159
85.2382
84.3802
82.9946
88.216
86.4069
85.7991
113.913
90.8476
83.1213
85.3346
89.935
81.7365
82.222
83.9902
79.209
82.7291
94.9015
89.5862
82.8445
82.6752
82.3422
81.0727
80.8602
85.7427
90.6145
84.5191
77.7648
85.6271
78.2268
78.2285
83.1058
84.9923
76.5843
88.929
85.8993
83.7907
82.8379
80.3717
78.4655
79.5721
88.3172
83.0276
80.2347
82.5106
88.5651
80.0286
94.245
82.2101
77.8789
83.3539
82.8061
77.0575
80.9896
74.9782
84.5018
79.4397
82.7989
78.438
77.4748
78.5271
85.9046
85.0096
81.3809
78.9671
86.0098
77.9737
77.166
83.5412
82.9169
82.2348
79.5608
82.2992
80.2367
80.9775
80.1346
76.7796
81.6001
100.498
75.3889
79.7187
80.5799
85.333
87.8402
82.487
88.482
77.805
83.9704
84.1568
81.8434
85.2056
83.4391
83.5105
83.193
77.955
82.8792
88.9909
56.7382
60.0259
59.0026
63.4931
80.5836
82.8303
78.647
93.5643
83.2471
91.3438
79.9923
89.9002
84.2454
80.4243
76.0861
77.4271
82.726
80.3983
82.8744
82.1293
81.1957
81.9043
78.7639
75.6604
74.3337
77.2713
79.9144
79.073
82.6339
78.7285
75.544
78.0961
77.1379
75.3161
83.0362
83.4171
78.9638
78.9262
79.3833
74.4051
82.3381
78.2094
79.8404
80.721
78.9416
82.5919
77.7301
78.7578
81.5229
81.443
88.5363
83.7646
79.0201
78.8259
78.278
81.7166
82.6462
75.4828
76.0261
80.2728
76.3188
75.6059
79.5068
81.5167
86.5035
81.1014
89.1078
82.805
84.8915
86.2131
83.1681
90.0128
87.4387
87.2666
84.7347
87.4737
79.563
85.5025
81.6113
85.674
89.3887
81.5582
85.4536
83.4878
82.9122
82.8265
82.6322
81.2855
78.1844
78.2487
90.5475
108.261
84.8697
77.819
80.6152
77.2574
77.5686
79.4381
83.815
79.2441
76.9874
76.1008
81.9738
76.7769
77.5461
82.2622
84.5247
77.5762
80.5086
84.3073
77.925
82.6864
84.9869
79.9129
82.1657
75.7077
81.3108
74.8401
75.9839
84.0066
77.3045
80.1787
82.1252
78.0006
82.9965
80.311
80.3881
83.3494
83.942
81.645
83.7918
80.6122
88.1862
81.7084
82.086
78.3843
80.6121
77.8401
78.2682
80.4788
89.8163
81.9769
85.2984
86.2476
78.6614
82.9524
81.838
79.2347
82.1367
86.3898
86.2887
86.0234
82.4498
83.3568
86.7912
81.4881
75.6386
81.2451
81.159
81.4451
88.2137
89.993
98.9746
81.7538
77.8825
79.9911
89.4412
82.0395
84.8916
81.8752
79.7067
84.1048
86.7477
82.661
90.3305
80.8687
78.7919
78.764
81.3781
81.8205
72.8095
75.8782
78.3088
74.0297
72.9205
76.7666
77.9423
78.2331
77.7571
73.9472
77.7058
80.5096
77.992
75.3117
74.8231
79.9977
76.2262
79.3999
83.7795
84.3955
79.2562
78.291
79.246
82.8726
80.6454
77.5565
84.2942
87.6889
89.5676
84.0036
79.3791
90.1791
89.6705
90.5262
73.4425
88.2656
89.2979
92.1383
79.1707
93.1306
87.2847
79.7803
94.7121
87.3576
91.2986
91.5013
90.6798
97.1976
85.3887
78.3129
94.5011
96.3543
85.6285
97.2311
92.5411
91.817
79.7948
93.22
94.6155
87.097
94.052
100.17
90.5416
82.5826
92.7646
53.3816
67.2403
55.6803
50.6681
60.8755
87.6933
84.4222
83.382
80.0883
88.9886
86.7639
86.9264
82.8719
89.5404
80.7974
79.132
92.4779
91.6873
78.9404
92.5847
87.3195
86.8361
78.5314
86.0102
87.6621
82.1505
79.1962
85.0428
84.2096
75.6649
87.5051
86.4824
83.9937
72.9889
85.9844
86.8411
81.8675
77.7668
83.488
85.2904
86.3205
82.8921
83.4397
83.2808
84.7254
91.9736
86.9877
94.3603
89.6159
78.4426
91.5135
66.3732
72.1774
58.0248
64.8084
60.7941
64.8097
89.2527
88.502
83.4715
93.2439
91.0685
91.432
93.7016
90.1122
88.5203
89.9616
89.2584
96.3654
90.6873
88.9784
87.6222
64.2707
64.4678
61.0516
71.576
57.8195
57.196
85.8718
90.1731
83.2371
86.2593
86.7663
84.3653
83.3708
85.1745
82.8414
72.4105
92.6339
88.3854
79.997
87.7819
85.5148
82.8545
78.2508
89.5844
82.1289
80.1812
85.2596
86.7368
83.6543
71.3894
82.8897
81.1365
79.0899
84.2958
85.8929
83.3635
81.0844
87.2726
80.9518
85.167
86.3255
83.4009
77.9137
82.2125
86.5785
82.6891
72.5715
87.2866
83.9574
83.5282
76.8085
91.7303
87.3073
81.1851
94.8882
86.3977
96.4327
78.0226
85.6684
87.3592
82.9661
88.9402
86.492
61.7014
54.7874
60.9044
61.7082
60.6523
91.814
91.3413
87.7619
77.0268
93.1733
81.6021
83.3858
89.4929
87.1648
86.2071
71.5127
85.789
87.5556
80.3967
78.8215
84.1678
81.2995
78.7562
85.8156
85.4784
72.9705
86.6917
85.3735
80.0439
72.4012
88.1943
88.5087
75.735
84.3933
86.8961
83.3297
72.7874
87.1077
81.8418
82.2017
78.4158
85.0157
82.1456
76.5769
91.281
87.3171
84.1035
77.3357
87.9151
83.4294
77.2803
84.6145
87.0801
85.6624
75.2667
80.9797
86.5391
86.5015
71.4436
87.1096
82.0708
82.7835
87.1545
98.4647
84.9593
80.3359
83.1759
61.7223
52.5192
57.1222
56.7477
86.3669
85.5075
72.6172
94.8746
92.906
81.0353
78.3965
86.6824
84.8277
78.4493
91.2566
87.6441
76.3593
99.7871
87.3087
83.1307
78.6041
86.9971
83.1569
86.1714
92.2165
82.226
80.5682
70.9504
81.9651
84.2911
81.9556
88.6806
86.7322
75.1553
80.5707
85.8562
84.942
86.9662
84.9649
90.4935
85.5803
55.468
55.0253
56.4419
54.9318
84.1143
82.2381
88.2123
84.422
87.1868
83.8316
84.7218
85.907
78.9661
89.574
87.3184
77.8688
89.2389
83.3498
87.1795
81.2052
75.5571
77.1035
81.9134
90.236
90.4725
83.5099
83.7818
77.1733
92.9755
79.5504
82.3493
88.6483
98.4937
90.8891
90.2339
95.9107
80.2362
88.6318
66.6113
60.7899
63.2561
60.4168
57.856
96.5984
82.1096
83.6165
96.4458
89.6198
100.095
85.4025
92.4658
87.2621
85.279
92.4362
89.8696
88.6025
90.059
87.8894
91.0728
62.703
59.5904
61.0762
60.7182
59.6199
88.0056
90.2609
84.6842
90.624
83.2763
95.02
85.3994
97.3687
104.772
96.7908
84.943
94.387
90.8185
65.4456
65.6163
62.8034
63.8826
72.6764
90.8327
88.9291
82.9504
93.249
91.0821
88.1729
83.615
91.5009
88.1502
85.7879
85.3405
88.4499
95.7832
93.4921
97.4886
96.6388
63.9365
61.4209
64.2314
69.5966
63.9943
67.2439
95.2955
96.4473
88.5426
101.384
100.264
98.7005
91.8709
104.491
71.1203
67.0709
72.48
68.0945
72.533
70.2674
65.9688
70.5051
95.9359
90.9494
101.838
89.0333
80.4124
95.7539
97.0339
93.3661
81.1331
97.5959
68.0454
67.5155
65.3543
67.4162
62.9696
65.4128
97.1052
92.9401
92.7168
88.9708
92.0509
93.8749
90.4537
78.509
91.1166
90.074
77.5506
93.9563
95.3987
87.765
81.8722
63.4149
61.5055
62.6017
62.1414
63.9905
90.3999
77.5171
88.6982
84.642
93.7102
91.4081
89.3074
86.8973
85.7648
92.899
91.4557
86.2603
86.4047
95.2874
93.3771
86.7861
90.6526
91.3923
86.2604
77.6137
61.8935
59.8641
59.6994
59.973
91.249
89.8668
89.114
91.109
90.1881
92.2108
91.0197
90.0576
89.5418
95.4021
102.713
99.8188
83.8629
89.3601
64.0563
66.3961
67.9182
67.8689
64.7021
61.1457
94.1053
94.2832
105.898
102.5
91.4873
100.027
93.769
91.9623
91.4957
71.1301
71.1802
80.4181
72.2748
65.6613
63.0977
65.8605
65.8858
93.8916
80.5314
93.2077
89.2384
90.5895
90.5806
102.977
94.9815
93.5576
92.9639
95.6676
97.6208
66.9542
68.6128
68.8738
65.5129
68.2011
66.5784
95.7761
90.783
83.611
95.9724
91.2871
88.062
97.4922
96.6197
98.6513
91.7917
68.0986
70.3827
67.8897
65.5541
66.6194
71.4433
66.8523
92.7174
98.9419
96.6689
97.2262
85.7456
97.6058
97.0206
89.9606
83.2554
69.2302
72.0856
68.1607
70.9985
70.9853
72.344
104.204
98.243
100.481
98.4612
86.7286
99.898
69.1383
63.8898
69.0448
78.9325
67.9068
67.8756
99.9556
96.3338
105.146
98.2805
100.132
99.9061
101.267
68.7872
68.4742
74.0123
67.2489
73.442
71.1355
69.3517
68.7407
69.0751
70.1933
70.5133
119.732
92.4065
97.0385
97.1747
80.0829
94.5949
70.8996
66.943
64.5906
71.1388
98.2716
94.0281
88.9835
88.7746
93.0765
88.1767
97.0762
89.1034
81.4523
92.4703
70.1905
69.5045
65.1144
65.8359
68.569
96.5932
96.8355
96.3702
92.3801
93.0142
92.8426
97.4354
99.8655
93.7821
68.0706
67.2782
66.4521
63.7532
65.2342
66.4058
65.4256
93.1521
87.2717
92.2549
94.239
95.0156
88.6552
88.256
103.567
105.781
89.8553
73.0204
88.3971
70.5947
66.7904
75.1273
65.0962
68.5385
68.0339
72.5288
68.3116
97.7988
88.2926
109.601
99.4291
93.708
89.1947
63.6351
65.1802
71.0116
65.0808
64.7907
64.9464
91.7445
87.1528
113.926
84.052
85.2788
81.9841
91.0994
85.0922
86.059
90.1348
83.5846
85.333
65.1514
64.7333
63.3752
64.6458
65.0497
89.1846
83.2562
82.4405
82.9952
85.4433
90.0959
92.0084
84.7118
85.1999
102.093
89.4903
85.5136
89.3117
90.3787
95.8451
86.5201
66.5799
64.6545
67.2943
64.6409
64.6735
85.2203
83.2105
88.7921
86.977
96.8322
90.3718
90.9064
91.8455
89.8673
87.6796
90.7686
65.158
65.6855
65.8876
66.3915
65.0731
93.4057
95.024
91.1379
85.6989
88.0227
85.544
84.4534
91.0505
92.2218
98.5714
91.8873
93.9827
66.2612
66.1256
66.6447
65.2491
66.399
67.9927
68.8071
92.7312
93.1309
83.8395
94.4846
91.6732
91.8151
88.6379
89.189
89.4099
89.049
88.9859
66.4203
66.254
64.6535
66.5587
65.2011
64.7318
87.6393
89.1482
91.7875
84.5276
90.7386
86.377
92.1771
90.9458
84.1589
90.0975
90.2178
90.9396
94.1429
85.6263
70.5444
72.4122
74.9156
83.9852
71.518
72.3455
74.3782
72.066
93.2464
102.078
96.0124
97.3638
98.1607
101.767
73.9849
70.1066
69.6817
71.823
71.393
94.4658
77.4931
71.7732
74.8416
72.6015
70.6928
72.0672
69.8394
94.381
97.2879
91.8708
96.2294
94.2424
93.2479
67.4172
71.8404
72.3704
69.0016
71.0365
70.1056
67.2439
92.8831
92.9912
103.916
93.8061
88.7961
95.5914
71.5433
72.4204
74.1543
75.2653
68.1709
70.6635
73.2543
73.5616
72.5375
97.4795
100.772
97.1767
97.7058
99.1324
92.1056
92.1056
90.1056
89.1056
91.1056