11.1672
20.9353
26.031
31.8989
31.5137
37.131
33.4532
31.8314
30.0279
70.1606
53.9445
52.3812
52.2663
52.4696
82.888
78.8905
66.8422
51.3936
47.7721
50.1883
48.979
48.6472
55.7071
49.3701
50.7929
48.3367
49.9655
48.454
50.3651
67.1342
46.9469
48.2698
61.7673
66.0038
49.8699
46.9077
44.6151
46.0431
45.8962
70.8331
48.2455
44.37
48.047
50.0263
43.7455
43.6272
44.5939
46.9061
51.0929
46.4804
48.3461
47.2713
45.7727
46.5009
45.9696
44.7283
46.6107
44.6909
43.9112
43.9054
45.3109
44.4367
43.5282
45.0056
51.106
43.9162
44.8712
44.4543
43.243
44.5196
44.0534
45.9754
46.5053
49.0442
45.4616
46.9567
44.0857
52.2121
43.2392
44.7951
51.4227
42.9656
45.4176
41.8425
43.9561
44.0658
43.0747
44.789
44.5108
44.2305
43.8534
43.1231
45.7693
45.0583
43.1204
45.2658
41.0909
40.4594
44.6656
39.5828
42.1728
40.4484
40.7393
41.6237
43.5351
48.7785
44.3905
38.5756
38.5066
40.4525
47.8742
44.8642
48.757
52.6231
44.6772
48.5632
44.8037
39.4068
36.7706
39.4631
37.7398
40.3325
53.2121
50.014
49.3074
37.4106
41.4032
47.7027
57.4333
48.3253
43.1937
39.6933
45.8543
45.445
49.7683
41.9562
46.2168
45.5377
44.1105
41.4178
42.2031
43.3361
40.1684
45.2709
43.4922
36.9895
40.3983
60.017
43.0012
45.7774
40.3585
43.998
39.7877
42.0133
42.1953
46.2215
49.4941
51.3245
40.9536
54.4474
49.0522
50.855
42.9789
41.0517
40.4905
40.8298
40.4167
45.8009
45.219
42.4012
45.3862
44.3808
40.1702
44.9048
43.1794
42.7898
45.8819
45.9789
42.7478
40.7981
43.5284
41.4116
42.1761
41.2862
42.1425
41.4978
45.0603
45.707
44.3179
42.6686
39.9543
39.9945
41.337
41.2263
43.4895
43.1938
45.2556
47.5561
42.0054
41.6216
40.9175
42.6331
41.4661
41.3674
42.7026
40.2376
43.7434
44.9029
42.291
46.237
43.8128
40.0479
38.6919
41.3863
43.9379
50.2882
42.9841
41.8173
42.1453
42.7627
42.2261
44.0447
44.5256
45.1065
47.8442
45.7202
41.7087
43.8752
41.7057
47.0759
44.3695
43.7756
41.7572
43.9557
43.0922
41.669
41.0164
45.1959
48.7773
50.5997
49.9502
50.1239
52.8173
44.4338
63.1572
53.2555
39.3746
44.4311
46.4788
70.8505
54.7273
52.2361
42.8736
41.6836
43.3155
39.0694
58.8683
46.5669
44.1366
50.9626
44.2132
44.2988
43.3096
45.4884
44.7368
41.5368
44.6423
53.4797
54.5751
53.8149
53.7751
43.8382
43.0451
44.9419
46.4683
44.5751
43.8414
45.0609
49.8266
43.909
44.3482
40.7482
46.3759
39.7703
42.15
40.2107
39.5052
43.2661
43.3239
47.6346
40.2284
41.5118
44.6714
40.2848
45.5308
43.6421
45.5142
42.7354
43.9726
44.4706
44.5791
40.9065
42.8632
42.1257
46.1717
43.0091
47.3167
49.5735
46.5033
46.526
41.7349
44.1179
45.4247
47.211
40.2792
42.0258
41.0517
42.1052
45.0959
41.1046
40.6491
44.0674
40.3326
48.0557
41.9617
39.5815
43.0274
44.4252
45.5091
41.4301
43.0523
43.687
41.9819
40.5671
48.2406
41.9178
43.3212
41.8416
42.4593
43.7621
42.6268
43.15
50.6406
46.2277
37.611
43.4765
40.0352
37.9505
39.706
43.1419
40.8689
39.9005
40.9788
38.1502
43.315
44.3308
41.8274
41.1329
39.5823
41.9962
40.3017
43.8427
45.5298
37.7099
38.4523
40.2851
39.8851
39.2208
43.821
38.605
40.7459
41.6153
45.7902
36.4606
38.0292
41.2289
40.2556
38.0634
37.5512
38.1713
40.7262
37.8184
39.6689
38.4458
38.8831
39.3695
37.7451
38.8256
40.3293
42.8782
41.1998
37.4788
42.7823
40.2117
38.0052
38.0733
44.2052
40.3745
41.8329
40.9348
41.126
39.9708
39.4847
40.4367
38.9213
37.5041
41.5744
39.5044
44.8943
40.3
39.8853
36.7062
35.6622
40.6687
41.7908
41.868
40.2016
40.5521
40.1619
43.2668
40.1137
40.8404
43.7831
42.7417
41.9657
40.7802
40.1942
41.0885
40.0154
43.7995
42.287
47.0213
40.2779
41.1715
43.8785
39.041
47.5263
41.1432
41.9004
42.2396
51.0428
36.8111
38.0487
39.2131
44.6778
38.5731
41.8377
42.6625
41.7548
41.5208
42.188
41.7148
43.1271
49.1337
43.4247
45.3875
51.1553
43.1572
52.4375
40.5681
44.0135
44.1713
51.7536
42.453
43.9382
40.3757
42.7955
47.5255
43.7305
41.8147
48.682
53.7277
46.1773
43.9194
39.6843
38.8694
43.3508
45.2849
41.1608
40.6718
38.5938
39.7564
52.7385
42.1914
42.5374
41.5134
41.3693
43.2874
38.3517
46.1375
38.7588
39.3394
40.3926
42.3837
38.9058
40.3704
39.1119
43.5286
38.6803
45.5512
44.2422
42.6747
41.5255
44.0906
44.812
44.6911
41.0502
43.515
42.8918
44.8072
49.0341
47.0632
81.8007
45.7685
46.9115
44.8255
43.226
43.665
40.4897
42.2363
43.6193
43.5912
41.542
42.9754
41.3706
42.7645
44.6642
43.4003
39.5031
41.2921
43.7364
44.1628
43.5055
43.6865
44.2777
42.9668
45.949
41.3062
55.2885
39.3372
44.961
42.033
38.427
41.257
38.8454
37.6577
40.0412
38.0927
42.3798
37.1909
41.0211
38.9378
38.9189
39.9603
40.3471
38.239
41.4648
40.6702
49.0839
39.5288
42.7466
39.7992
43.2548
45.4189
38.4319
43.9441
50.7023
42.3489
45.4457
40.9477
39.2983
38.6588
38.9641
54.1146
36.7249
37.9084
38.6006
54.6743
41.336
43.3701
44.46
39.0226
39.1014
42.9514
37.6207
40.3926
39.785
42.0518
41.7964
44.6567
40.9009
37.8978
38.4405
41.0832
40.7986
39.6354
37.4689
40.9979
43.8967
38.659
42.6447
38.9045
39.1372
40.0844
41.0703
37.624
37.4319
39.2604
40.7976
43.717
40.2763
37.1792
40.6735
38.8669
42.1875
40.629
45.2091
40.3841
41.6832
40.3212
43.8094
44.2051
40.6138
40.8085
40.3822
41.1304
37.5619
42.0691
38.6695
45.909
41.4588
37.0229
39.5855
36.808
42.1667
41.4426
38.9958
38.1977
43.5238
35.2862
41.2102
35.3294
40.9216
40.8755
36.2609
41.9416
40.7072
44.6133
38.1806
40.947
40.1427
43.015
41.413
41.7823
37.7985
38.2275
39.367
42.0169
39.7394
45.156
39.9452
42.1278
41.6024
39.7731
41.4952
37.98
40.5309
41.2057
43.8794
41.0419
44.4309
40.9109
44.9712
42.1425
40.7289
40.798
44.5029
43.9289
51.6261
45.995
50.8666
44.969
41.4363
42.3331
44.3255
45.2861
40.1368
43.6948
50.6117
41.9584
50.0578
41.7374
41.3911
44.7145
39.9906
38.7071
39.7464
42.9977
50.6851
49.1152
45.6453
42.9572
41.0242
42.5151
43.9722
46.5355
53.223
51.053
54.8316
54.6003
55.2852
64.3165
60.3425
51.7347
50.9719
47.6793
51.7714
46.311
53.1577
52.315
62.7725
52.2019
49.1278
49.7329
43.6372
42.3206
41.2739
44.4259
65.4091
46.1129
45.3352
44.1195
44.5653
40.2531
45.2665
41.8343
47.1744
40.0395
50.2686
44.2918
46.6755
50.0749
39.2027
51.6363
41.7191
42.1637
45.1842
42.8527
57.7933
55.9528
50.1338
53.1746
47.8978
58.9512
47.5627
46.9036
57.3536
46.3161
49.3322
48.5705
55.518
52.8945
50.6995
42.0425
54.6288
42.1508
42.7708
50.5421
42.3379
52.5771
47.0756
52.5183
45.2666
42.4445
42.2004
44.3525
42.9218
48.4433
43.4571
54.0929
42.1425
47.7503
43.6641
48.1139
49.691
44.0488
56.2351
44.2975
58.1615
51.0192
41.732
47.9075
54.1156
43.0226
49.1623
44.5375
52.7831
42.7851
49.8623
51.0849
46.6891
45.7303
50.3058
48.0173
41.7051
46.7143
39.9502
50.1171
46.2116
57.9005
48.1622
46.5233
48.0225
44.1502
47.4285
45.4348
45.8129
48.129
41.6485
46.9792
52.9104
42.4189
54.5768
40.5176
51.1692
48.8467
53.7768
41.232
51.076
45.2906
51.7896
53.9384
45.139
41.6739
48.6116
44.7229
52.7437
43.089
46.2619
50.2627
50.9391
51.6959
51.3895
55.445
45.776
48.677
47.3896
44.058
47.1622
52.1906
42.5856
48.568
41.7718
46.9864
41.0284
43.1388
42.8728
44.0597
43.0148
47.9088
39.8536
42.4766
46.7376
42.3275
41.5118
50.3569
51.5364
44.5822
50.5277
45.9091
44.5496
43.783
42.8019
43.1203
43.7366
44.154
44.294
43.5695
43.7367
50.9378
40.8217
49.2349
45.3185
42.653
45.6972
40.8081
41.5194
48.8975
41.9374
51.0872
43.9283
41.4202
45.2539
42.2777
43.9481
44.3663
42.8134
50.6296
48.1713
41.9885
44.3406
41.9384
42.4174
41.5856
44.5604
41.2061
41.8724
42.0343
39.3734
40.178
42.0339
41.9679
51.2144
45.6282
43.23
45.4468
39.2003
44.7492
44.0204
50.1792
47.6514
43.0298
51.5226
41.7822
41.9359
43.9322
45.898
43.6977
45.4659
50.228
43.7045
45.8071
41.6557
43.4334
48.6685
40.9915
48.1251
41.6048
45.6368
48.9418
52.2584
47.5277
45.117
34.6197
54.8715
33.6324
43.3645
45.3262
51.7075
59.3227
53.4631
49.1009
41.5058
48.9361
54.7983
45.1679
51.5866
52.2074
48.0502
52.9211
54.604
48.6326
43.468
49.7916
53.9507
57.1185
41.0493
50.0503
50.8261
43.8365
55.4522
45.5174
45.3771
49.8088
47.3213
50.5006
49.4211
51.88
43.8581
42.0742
44.4721
45.1331
47.9642
50.2829
50.382
48.0196
43.4321
53.6564
51.659
46.8775
53.7825
49.2832
49.7143
44.3655
55.7998
43.9921
47.8179
45.4369
48.7329
54.6997
48.7763
48.6952
45.995
42.4502
54.6254
44.7988
49.4494
48.344
44.0717
51.5071
46.6517
42.5561
45.7414
54.0156
45.7967
55.2509
44.2354
47.5906
51.2205
45.4748
50.7835
46.6787
53.9013
54.444
124.848
41.8027
50.3576
59.0671
48.6348
49.0594
41.5006
52.5712
51.8754
51.2597
46.4368
43.3751
58.9064
60.1766
50.9193
59.9347
47.5873
49.5837
45.0838
46.6763
48.0612
57.1526
53.6048
46.3705
55.8946
41.0904
45.256
54.502
50.2848
46.4985
45.7968
56.8912
52.3485
42.3533
58.0277
44.3576
45.3145
55.9588
57.4558
57.1576
46.5289
47.073
59.6777
54.0653
55.9796
53.2245
48.4738
53.5077
47.5386
57.8928
45.7685
49.352
54.1165
52.5146
44.6211
51.3054
42.0111
47.7398
53.5531
41.8366
45.1772
42.0591
53.0966
45.7738
46.8055
57.7017
42.6419
45.6027
46.4531
45.5426
53.4178
46.2637
48.4641
45.192
49.3322
55.4046
46.3207
46.9443
55.2354
57.6539
45.064
55.0618
44.1473
55.049
59.3614
54.4217
49.8367
52.9092
42.756
49.8007
59.6848
59.7556
43.8925
42.8671
48.9321
46.2888
49.8438
51.2952
44.6389
59.5355
55.1694
55.6317
52.4343
45.2629
45.4695
53.2431
54.0061
50.9718
52.8489
59.5123
61.6045
54.8294
53.1639
44.3449
55.617
49.251
58.311
42.3434
52.4869
60.2008
48.3596
57.6151
44.5747
54.3569
57.2403
62.8434
52.742
44.5496
46.9976
49.4915
53.6506
52.9495
46.2718
53.1265
62.4497
57.3182
53.3374
56.831
44.1372
52.8342
52.3687
47.2673
49.5511
53.8468
55.6999
56.8097
44.67
57.2414
44.3445
52.4467
59.6177
57.3872
57.9499
43.8197
55.2636
56.7476
51.729
54.1289
52.2698
50.3169
53.993
54.4385
57.9776
45.8807
53.175
48.2134
51.223
49.2629
49.1547
48.7287
50.4969
54.2717
47.1902
56.2531
49.9655
56.8512
49.7771
47.5429
47.5079
48.5887
50.4249
56.1272
61.1352
51.64
61.6835
48.6782
60.3947
49.2392
48.8853
60.6693
64.6733
52.8768
49.629
44.3006
51.4968
51.0807
57.8343
47.6569
47.4476
51.2453
54.85
50.8069
45.4581
53.6511
60.9536
48.1482
58.9758
58.1357
47.5507
57.9556
56.7969
48.4124
55.5324
47.6258
60.032
57.5126
50.9176
52.5407
53.7825
56.8646
53.2179
54.1477
55.4512
63.6465
58.0042
60.8457
58.5006
59.7544
61.0794
59.8679
57.3149
54.707
57.1212
55.8176
45.4685
63.8339
59.0799
55.5139
51.3181
55.0022
52.6508
45.0833
53.8574
51.7322
53.9328
51.5453
52.5074
55.379
50.447
49.8709
47.9739
53.6183
51.9235
55.0525
50.7739
49.9035
52.8135
48.5388
56.3862
57.4065
58.2313
59.0107
59.5324
54.5573
58.7283
54.6297
52.8208
56.9833
56.3856
50.2464
55.3104
55.8801
55.6027
52.8755
53.0815
72.6105
69.0158
67.0184
61.1754
67.6176
64.5571
65.6149
62.6411
64.7387
58.252
62.5567
55.6019
55.0521
58.3295
60.4849
58.5808
58.5479
56.4267
56.7904
55.1013
57.0968
56.8443
58.5285
56.3902
57.9694
61.3894
59.817
55.9078
58.4929
58.3847
56.6114
61.8888
57.6771
57.2378
62.1065
59.4872
54.0568
59.5186
61.8412
57.0051
61.9793
56.8583
52.948
64.5196
64.3469
61.4192
64.2935
63.9074
63.8757
59.3495
57.196
57.799
56.7715
54.5834
52.3956
59.8808
56.7053
58.355
57.2865
57.5528
56.4433
52.1597
52.307
53.144
54.5782
52.66
52.4283
54.8071
56.3227
52.9732
55.1948
56.0332
57.907
55.94
52.9394
51.9541
53.4269
54.5116
54.0953
54.549
53.4669
55.4781
56.3448
50.4394
52.8843
53.5024
52.4936
54.2688
58.4629
56.9529
53.8547
54.3767
53.3191
53.9151
53.2536
58.7994
55.3289
53.8344
57.2059
55.3836
54.0145
52.281
56.3997
54.0062
53.1714
52.2309
51.6955
55.4337
54.2502
51.8874
59.946
53.9419
60.0843
51.9604
56.6993
52.1078
51.5133
52.0297
57.6112
53.8373
52.7406
53.594
48.7727
57.9944
52.3362
55.8357
52.812
55.2769
51.5398
51.9011
51.1294
56.5371
52.9053
56.9007
54.1131
59.2889
59.3422
54.6457
52.0044
53.8357
54.9169
58.6308
54.1178
59.8423
57.1649
55.1232
51.1554
55.618
52.8204
55.5165
55.1547
56.8256
58.8987
55.2103
53.1983
63.2152
52.6061
53.274
62.2091
53.2097
53.5186
55.538
51.8747
54.6222
53.8675
57.5458
55.8705
55.7153
60.7208
60.5302
50.1722
55.6791
54.3608
58.0429
59.0351
53.6576
56.154
50.5914
50.9685
51.9235
52.1239
49.7406
51.9036
49.8866
53.1145
57.6204
50.8042
49.7694
51.2539
50.5709
58.6118
54.1359
52.1432
53.6729
55.5564
50.4703
55.2664
53.8994
51.1567
57.2275
54.5246
52.5592
49.8148
54.5364
54.5607
50.8084
53.2693
53.9891
54.7935
58.0788
52.3274
51.0321
49.4742
57.6698
52.9297
51.3173
52.4973
58.0421
100.221
61.9092
59.1689
61.1306
54.0312
55.0268
54.0935
51.0753
51.2832
57.2476
59.9847
78.5435
73.2186
67.3849
60.6754
56.6258
55.6594
60.764
55.2602
57.9059
57.1816
61.3268
58.1209
58.0105
60.7776
61.9142
59.9926
58.6094
70.5863
61.3645
57.2052
52.4905
55.643
55.9266
52.0828
56.9125
53.9014
56.2592
53.0265
53.4489
51.9059
65.3088
49.8681
58.3648
52.7635
50.0745
62.759
54.5917
54.6328
52.6847
50.3804
52.6341
53.7228
54.7689
52.517
55.6398
52.5139
51.516
52.3796
52.8071
52.6516
52.0808
56.217
50.9946
56.2538
48.7111
51.0983
56.1929
52.8095
51.0944
52.0187
53.7531
52.1139
55.2365
52.2145
52.5954
50.5607
57.4089
51.6828
49.945
51.0503
49.6237
51.5532
60.7061
56.1825
54.0861
52.9008
51.7328
52.3038
56.539
51.3903
54.4523
56.1794
49.006
51.7148
52.3165
47.4448
55.8235
52.391
54.7067
52.3034
51.6141
53.9928
50.6991
79.559
64.9307
62.6562
55.0485
54.4999
58.1176
57.5148
52.8692
57.2839
51.7037
56.0554
58.7879
56.8531
50.8937
55.6913
48.4929
59.1958
49.9427
53.5397
56.9211
49.9389
51.0211
47.6192
52.6568
59.1157
60.2428
59.2472
50.0227
56.9664
60.5019
56.9272
52.9333
48.825
55.6977
60.8781
55.1875
48.8236
52.2947
52.9626
59.253
48.5639
59.6713
64.4084
56.2112
55.3832
51.7616
50.9296
50.2531
56.1913
61.5704
59.8384
61.1361
55.301
57.1234
54.0885
57.7278
52.8299
53.1723
59.0321
62.2873
63.2674
60.4149
53.6513
52.6658
50.5975
51.0694
56.5072
52.5891
61.5216
56.4726
49.4264
48.7111
59.4112
60.3473
54.016
52.9008
69.8053
49.5674
53.2552
49.7847
56.9781
55.1361
50.9912
49.7638
59.7436
49.9584
52.4525
51.1444
55.5784
52.8844
58.3843
53.7354
56.6453
57.1199
54.5788
53.4317
54.9324
57.4241
52.4636
50.058
50.3645
52.5084
58.2929
57.1905
64.6371
56.9163
53.0465
50.9304
53.0757
58.5174
58.1925
64.0833
56.7053
54.4503
51.7784
54.3383
57.5214
50.3627
57.0191
55.8769
65.6214
57.6379
58.9276
54.8451
52.0291
62.2756
54.6388
54.8342
72.0255
66.6164
61.067
53.5312
59.6673
56.5708
52.3799
65.9807
63.9654
65.1193
58.0268
53.9471
65.7861
50.7051
47.1845
53.0062
53.8143
59.9941
58.5432
54.1022
67.479
63.8735
68.6635
60.1417
55.5325
64.5802
54.7416
57.1864
49.6347
63.5396
61.4294
60.9269
52.0468
64.9165
60.6633
53.5473
52.5336
52.264
63.7661
64.146
54.2204
57.3644
63.0416
59.3529
61.7279
54.4638
57.1804
62.3961
52.3407
64.5374
61.016
58.2215
59.2187
51.3868
52.7475
61.4474
57.7932
57.5993
53.3706
48.5188
52.4346
47.3783
48.2554
63.1312
60.2259
56.9147
53.4276
45.151
47.1028
59.1612
52.5777
50.7831
63.9227
64.3082
58.8066
62.1031
53.4127
62.251
55.7937
53.5432
57.9169
55.6272
65.1989
49.7536
51.7557
62.6987
55.1991
50.1268
52.5681
66.8447
53.886
54.0607
52.5302
50.8929
52.558
52.5925
52.373
56.6127
52.1277
59.9864
53.8682
51.6538
51.7219
54.5884
54.2552
50.5938
72.6616
96.0003
78.5516
96.9398
134.354
142.023
92.5173
73.3218
61.3551
67.188
61.797
59.0751
58.2368
60.2717
62.0139
58.0474
67.5076
56.0736
59.9576
61.8725
51.0557
60.5445
65.735
76.7831
62.2663
81.8488
60.4977
66.8021
63.4278
63.7975
56.5787
56.7962
65.6256
63.6627
61.5897
57.313
61.8877
62.3033
59.7724
49.4956
51.7383
58.6548
62.2321
61.1878
65.7071
57.5063
57.5182
64.6206
66.8296
65.5869
64.7857
65.6428
68.4256
65.2456
58.8422
60.5495
59.8045
57.2641
54.2192
65.8814
67.796
60.5828
54.0921
65.0049
60.0575
57.3664
55.7157
54.2164
64.6242
53.2491
53.9964
54.5197
50.3558
50.5237
51.0491
50.6551
57.306
55.8389
53.7653
52.4547
49.7975
54.6866
54.7438
59.8003
56.115
54.5841
59.8954
55.3629
59.0135
56.2801
50.4486
56.1281
54.5049
55.292
51.7111
56.4833
56.0507
71.2724
54.4293
57.7873
60.1285
54.2989
53.33
51.7695
49.303
53.7146
55.5362
49.2172
50.2336
54.774
56.877
50.4993
48.6383
56.7487
54.9597
62.5586
49.4906
54.1376
52.2441
55.4911
54.3475
54.401
52.8256
52.1832
69.8082
55.8642
59.0978
62.7818
58.7958
59.807
52.6692
52.6679
52.3518
55.8815
54.7671
53.5516
52.9125
51.917
56.9862
51.714
58.4754
54.3969
62.5457
50.4705
57.2698
62.1425
53.2178
67.7677
56.9757
52.7875
54.7909
51.6786
47.4935
47.1062
49.6253
55.5735
49.944
52.7273
54.1501
53.177
49.6926
48.3692
54.5943
54.7397
56.2444
49.4733
51.074
51.6163
61.4884
55.7796
51.9918
49.1748
51.8365
53.3784
49.142
51.9763
48.8961
54.3276
47.2638
50.4882
48.4075
59.5779
49.863
55.7355
50.053
51.9742
57.9316
54.5254
53.8978
54.4864
53.2869
53.3132
52.6844
202.904
68.1604
72.3506
56.1813
64.8376
56.2082
59.1569
59.7124
57.5783
65.5624
54.7426
54.3755
56.3305
59.4153
51.0581
54.3928
52.3816
54.1704
55.3837
59.6844
54.4157
51.0121
52.3537
53.3939
53.1045
54.1928
56.0944
59.9004
57.2275
58.8057
68.4768
65.5422
54.6989
52.7606
50.345
53.7913
54.3457
53.8189
53.2932
62.0172
63.3543
63.0716
49.9319
51.2207
50.5796
51.0017
52.0273
53.0395
55.5108
57.2203
56.4462
59.2346
56.453
59.3109
54.9104
57.5334
64.0956
64.8949
59.7618
60.1675
58.2573
54.9213
54.7236
63.9242
49.4533
62.433
63.0509
59.0293
64.3602
60.0148
55.1765
57.8891
61.2476
53.8967
90.8571
67.5068
74.6957
68.7944
63.6683
62.992
64.1125
83.1126
70.8667
66.5365
66.364
68.8977
72.6143
63.4605
65.7344
61.3537
71.8841
66.4474
72.3013
80.0493
73.9943
74.377
69.3646
60.6434
60.3841
66.9534
56.9721
71.0582
65.6472
72.0258
64.2541
55.7341
60.1203
66.4781
55.9639
62.3299
69.4461
69.6412
61.2193
58.2805
74.4106
68.4145
55.4363
55.8382
70.286
62.5366
62.7625
54.6058
64.6356
66.8299
58.7581
62.1068
68.843
67.4878
62.8034
63.0223
59.1696
61.3507
56.6216
64.2179
71.321
64.3522
57.1527
60.0062
53.5089
69.3881
51.1457
72.0198
68.8208
58.2971
53.2293
64.3016
59.5863
66.395
54.243
66.6679
56.6876
68.0451
54.517
64.7431
62.6872
61.2974
59.3248
68.9394
64.8735
61.9931
57.5883
69.9415
58.7961
58.0447
58.3692
69.7891
71.9003
70.4927
61.8525
60.7255
71.184
64.117
56.5966
67.6246
66.5924
67.6508
61.7892
69.1545
65.9966
67.0694
58.6329
62.5927
63.5622
70.9397
61.1087
75.1181
67.3525
63.3091
60.0006
70.079
68.3151
62.2615
55.7494
66.977
63.2671
61.94
54.8357
74.6258
70.646
60.4553
57.5407
63.8609
66.1411
58.5325
51.7057
73.278
66.1342
65.8253
56.4535
67.5151
65.7154
67.4051
61.9738
55.4123
68.265
66.7929
60.0799
52.123
67.875
65.6249
62.3429
55.31
68.7328
64.6194
64.6273
51.1843
70.8018
60.4222
59.6929
61.0242
62.9484
71.2028
62.5451
51.6464
59.9183
54.6763
69.5707
64.59
73.271
66.7059
64.4323
59.8188
68.4421
60.3451
56.109
72.7281
67.8916
66.3468
57.1165
64.6687
67.434
68.1746
64.8187
61.4951
54.5829
61.6749
63.2555
55.2941
59.9267
71.5384
65.9229
63.0027
66.7067
64.6302
62.0309
54.949
63.6512
64.0426
62.9299
53.9824
63.429
65.3295
67.499
50.9834
67.2736
67.8495
66.0972
50.0635
53.0614
64.2164
59.327
53.4406
68.1162
63.933
63.3084
51.6958
59.9718
64.1056
63.3393
55.8883
63.1492
61.2149
68.1089
54.3095
66.2325
64.5363
56.5527
55.9442
58.7853
55.7073
54.698
59.4664
57.4959
64.8948
70.7036
60.0358
54.8454
62.026
58.0536
54.5318
59.6673
61.7391
60.0705
55.178
60.232
69.489
67.5269
61.0563
50.3273
62.5394
65.3159
67.9116
62.4255
69.9495
69.5279
66.0836
58.0891
70.7782
64.6712
65.5966
63.2178
53.2938
66.3423
69.3508
63.2178
74.1718
67.31
63.8458
66.3917
60.7487
64.2779
55.9835
69.4387
58.5709
62.4393
68.7712
71.4928
64.7798
54.1536
59.5024
57.8822
55.9305
59.0331
62.5197
59.5903
68.35
61.003
55.0697
63.5241
62.1109
62.1218
64.0061
58.4554
73.1232
70.3467
53.2561
55.3552
65.3639
57.3144
61.6681
56.4179
68.8911
61.6073
64.973
55.8567
58.6816
64.8993
57.5194
57.2387
59.3654
65.7408
65.5
72.3041
63.3328
69.5994
56.5812
64.2485
58.5909
67.242
68.862
69.8947
68.7921
58.074
72.2429
66.8344
65.9635
55.8188
57.8525
61.7088
73.3285
66.8964
61.8193
68.0484
59.692
59.228
59.5491
75.117
65.8702
64.0886
63.0293
63.1902
74.0206
59.7618
63.2621
67.1074
76.9358
69.7255
63.6086
62.4537
74.5033
76.6985
68.2332
59.718
73.1937
71.6732
70.8843
60.4073
72.165
65.9166
74.412
73.9537
78.2362
70.4202
70.2758
58.498
69.6319
73.9009
71.0719
58.6408
68.1554
71.5636
76.362
57.4006
72.312
71.2462
70.9816
62.455
66.8233
71.0982
61.8166
62.3243
58.8005
77.9959
73.0443
70.1037
61.0096
67.7352
72.2823
68.0251
65.794
63.9956
71.8322
71.3415
60.9922
67.3205
66.1437
69.5194
64.5099
75.926
71.2584
73.7832
69.7273
62.6628
68.0822
70.3147
62.3605
65.03
71.0116
70.6929
62.9747
68.1375
70.822
75.7696
72.8192
63.7149
72.6897
65.2535
65.1264
63.0717
74.2107
74.3797
73.0407
68.3255
72.0394
72.2901
70.2591
72.4725
67.5164
67.2
68.2448
69.2664
72.444
69.8578
71.3363
76.2953
62.5399
63.4498
56.9717
61.1119
58.807
71.872
57.052
63.0091
63.0569
59.6527
59.2659
60.9068
62.0643
63.2178
64.5684
66.3205
63.6462
64.1816
63.229
64.3597
66.4724
69.017
67.9671
63.9093
65.2951
66.1122
60.0673
62.9942
65.1761
59.7792
59.8455
63.1157
60.4645
63.9741
70.5992
71.7602
76.012
63.596
66.4303
102.396
86.6066
65.7499
74.0523
61.9704
62.2954
71.4968
67.795
62.3825
63.2498
65.6533
68.5785
76.1449
69.6998
70.1693
67.59
75.292
72.8217
69.0512
63.4928
67.8716
66.1286
68.3827
61.9012
63.4399
59.2582
62.6741
66.4893
66.5816
66.0753
61.2247
70.7091
64.4261
63.1908
67.3575
66.1263
62.2088
66.1001
58.6059
63.0937
63.6512
65.8587
62.9488
62.1585
70.0626
61.124
66.8665
68.8876
57.6407
61.8623
61.3651
56.4037
60.1451
63.9775
63.0099
65.2643
62.3403
65.045
58.3282
57.0396
63.0633
59.4055
63.1569
70.6185
62.1304
66.3189
60.9832
60.3042
67.2901
60.5385
57.7178
61.2537
59.4539
57.6873
62.2569
60.1093
64.5263
60.193
59.452
60.1827
57.4647
60.4723
66.9326
64.1167
61.0105
64.9121
60.3468
61.0826
61.9652
66.6038
63.9062
64.2454
66.2865
58.9909
58.9955
66.0226
63.8396
62.255
64.4903
66.3555
69.9661
72.5816
70.8734
72.0078
71.6162
68.4813
64.7673
65.1796
63.2276
67.7224
66.8715
60.4661
65.3227
64.8605
63.6001
60.307
62.2499
66.1168
68.0627
68.7698
64.9823
66.3027
64.3693
64.9739
62.9533
58.8185
58.8163
60.0555
56.7519
60.5331
68.1501
61.0623
64.6489
59.2329
60.6885
70.5267
65.0326
63.2325
59.9075
62.1893
63.7092
60.6669
60.3546
65.0495
58.4186
65.6616
59.8519
62.4074
59.9576
64.3092
61.173
63.7077
61.9946
59.5323
58.1413
64.8896
65.1617
64.9993
67.3014
63.4177
67.2772
61.3265
69.5907
75.4036
62.9233
60.1188
67.3409
71.9334
71.4043
70.8259
68.8812
65.9108
88.0373
72.9901
75.0329
74.5872
78.0096
69.5044
81.1413
66.3324
74.4713
64.5976
66.526
63.7182
61.827
69.7953
75.4062
91.3896
75.9722
67.6584
71.4119
60.571
71.3151
81.3972
72.6214
67.54
61.987
71.1818
70.755
62.8074
65.566
61.1384
58.9642
63.1689
62.6242
62.573
65.0764
60.7343
61.7455
65.7165
65.5475
61.8662
64.1693
66.0176
61.9292
61.8621
60.6843
59.3004
64.0975
74.8242
68.6905
67.3627
66.8319
59.3111
60.0855
61.5445
64.3255
65.8848
57.4865
59.6747
63.6474
58.7206
59.0107
59.2714
60.8285
65.623
63.126
62.4409
62.2253
66.7694
64.4887
64.3802
60.268
65.5363
68.8505
60.8545
60.0031
60.2546
61.9402
61.286
62.3148
60.854
60.3549
63.8434
65.2421
66.7519
65.6942
59.7196
61.2531
60.0162
59.1105
65.9422
59.998
61.9831
65.9914
64.4747
60.8286
59.5336
65.4087
66.3786
63.7351
65.383
66.6676
58.9468
60.8164
66.3557
63.1072
60.6893
59.9221
61.5686
59.6911
59.1102
66.9243
59.6008
60.2491
69.2909
64.2261
62.6804
61.0609
57.615
62.4974
61.8015
54.9727
57.985
55.8547
70.8172
57.2823
56.0959
56.3896
57.0421
58.3383
61.0866
56.4322
55.4907
55.9607
57.2675
61.6809
59.6784
55.6788
64.8994
58.9368
58.5924
62.2991
58.82
60.629
63.2202
58.1434
69.2963
59.5465
59.6006
60.2423
66.0748
60.0382
63.4923
59.8015
70.0459
59.788
60.3362
62.1911
59.0505
61.381
60.1138
65.9619
61.1179
63.4938
66.2998
66.5039
64.6534
63.3371
60.332
60.1608
60.1506
64.4256
67.2194
61.3921
59.8852
67.4137
64.4744
60.7477
60.5426
63.065
64.3614
61.3488
61.2143
61.973
61.1003
64.8286
59.2362
62.7029
66.8337
58.3545
60.818
64.5683
62.0931
59.9699
66.7292
68.0626
60.8129
60.6332
63.4638
61.613
61.2395
60.697
61.9283
63.4795
66.2302
59.9498
61.8909
61.6444
63.2725
67.12
63.5622
59.6385
65.5567
62.8095
65.157
65.6849
63.4908
66.7764
59.0474
59.0208
61.5289
58.8044
61.7858
62.0516
62.2216
62.1312
68.6129
60.2552
66.5233
63.2422
62.4504
62.03
60.9287
60.3029
64.788
63.1683
61.202
60.6079
60.4939
63.7255
59.4225
60.232
64.7131
62.9648
65.7202
65.5049
66.1942
60.4602
60.2963
65.3302
59.7149
61.1134
64.1999
66.3599
68.8056
61.4203
67.3356
64.2424
58.9083
61.7483
61.0715
59.9378
63.5724
65.5305
64.6767
64.1571
66.3058
62.3408
59.8052
63.6731
61.575
64.5642
65.5898
61.5942
60.0925
66.2966
72.7545
68.4868
59.9522
62.9442
64.5791
64.4345
62.9817
64.5257
63.2118
62.4444
61.9097
55.45
59.3401
61.8253
56.2492
57.8731
61.6235
60.0301
63.6289
59.7072
63.7594
61.2088
66.7245
63.5124
59.7905
59.3662
61.9137
60.5098
61.4763
66.3628
60.6856
65.9087
61.9817
65.0668
62.4709
63.952
68.6041
60.3734
60.5842
61.8366
67.9465
65.7485
72.4838
59.3836
62.2775
59.0595
58.9693
64.6689
67.624
65.7269
64.9865
75.5808
77.2856
72.2051
65.1117
73.1157
72.0851
71.5105
61.3326
71.031
69.2865
68.7621
60.7793
73.7125
68.3915
62.7389
73.5933
74.4146
73.5106
70.559
73.6327
72.64
69.3721
63.6111
77.0779
79.0962
67.6566
75.7348
75.406
71.7758
59.5762
80.1135
74.3197
66.849
79.0373
79.8354
72.0059
61.2848
75.5225
65.6942
57.6182
63.6915
62.2125
66.8162
68.8849
75.642
67.2242
68.789
87.5536
75.2676
71.991
62.2769
72.4218
68.5
65.7118
74.7763
70.3735
67.1185
78.5071
73.8569
71.3638
58.7252
77.2438
76.0652
68.5109
63.7566
78.3693
72.0458
64.2336
77.5195
71.9625
73.6067
60.0091
74.2895
72.0433
67.1768
67.5881
71.2968
74.7713
71.3273
64.7984
67.2228
71.8579
69.0665
70.6447
74.363
77.4227
68.6453
75.4625
75.0354
72.1452
63.0776
76.7198
71.9977
68.2731
68.2782
77.2659
72.2935
58.579
74.9467
72.4972
69.899
67.5201
74.0053
73.7804
68.7924
76.9618
74.1813
65.6705
75.698
79.163
72.9433
75.3178
76.2486
76.363
67.3993
74.7896
72.0587
72.7292
58.8111
70.1663
68.1697
68.4133
73.42
72.5081
73.0729
56.5544
70.5881
71.8663
65.934
73.5387
72.1769
69.4378
60.1712
74.3246
69.9938
59.4461
72.2217
72.4906
70.1222
60.4197
73.7328
70.9152
64.7446
71.4599
74.4017
63.4796
67.2226
72.3056
77.3777
69.8486
72.688
83.6696
61.3456
59.1455
72.5911
63.504
61.6906
76.3809
75.1325
73.3982
59.1606
72.2673
84.635
77.3387
71.7243
76.0037
65.3675
57.3147
71.218
69.9337
61.5906
72.6233
70.7601
67.79
60.6349
75.7741
76.144
76.7156
73.5162
77.2245
69.632
63.2537
75.3159
74.3811
69.9926
71.26
66.0931
73.0196
57.9914
76.4616
73.5766
66.9238
74.021
73.7841
66.1118
58.84
70.1992
71.1643
59.5862
76.7171
68.4899
71.1519
62.5017
79.2459
70.9941
58.5282
74.7762
71.0447
69.4207
61.7991
75.6184
67.1218
66.1239
74.0179
77.3044
70.9989
58.0268
71.4815
72.1526
66.9106
61.418
78.6927
71.7073
60.3105
69.2876
69.9607
71.8135
57.4103
67.3722
73.1634
71.1741
63.006
72.5345
75.9546
65.0205
73.5915
65.6816
69.3544
55.2636
71.9488
78.1298
69.6017
65.7739
70.2018
75.5239
66.6237
68.3302
75.9296
73.7482
67.6327
63.4327
65.8263
67.6254
59.8978
73.4286
74.8072
64.6234
73.2726
72.4726
63.7881
66.1387
76.5244
71.5906
59.6082
70.8191
70.1523
60.2145
60.414
65.7051
71.6338
67.5273
69.4137
69.613
60.1366
62.8127
70.9952
69.7202
63.5664
67.9549
76.1086
71.9395
57.8102
64.4778
70.0513
74.5712
60.0588
72.6548
62.7363
68.0529
70.0753
71.7606
67.6381
72.8202
68.0901
65.7398
73.5069
72.9178
69.8914
70.3287
73.3173
69.6567
64.2619
68.9412
60.1505
77.8629
73.093
70.4745
64.8879
68.6008
71.1948
67.2597
72.5917
71.165
77.4989
75.7383
71.0867
74.6759
74.1416
73.8031
76.0454
77.1712
75.8007
71.3154
65.5193
75.8898
68.2619
74.742
77.5185
75.9729
73.4506
76.2985
81.8965
74.5572
67.0879
74.5675
71.5711
69.6911
59.7768
79.1746
72.5413
72.3075
70.6116
77.6304
73.7063
64.1827
78.6463
75.8875
72.9711
75.5877
73.7573
74.1857
64.2236
78.8109
71.0616
75.7687
65.2854
78.2785
74.3894
77.3311
77.942
74.2242
69.202
66.4279
77.9253
75.6154
66.9081
81.465
78.191
67.4727
63.1602
78.6171
82.9169
81.0127
75.2172
78.6507
70.9576
67.927
79.7945
77.5474
75.2436
62.9232
77.2786
76.6952
65.9432
80.4389
75.7573
74.3218
63.4528
76.2101
79.6622
70.2541
72.4863
81.3533
73.4867
72.012
82.4954
77.2574
76.9676
68.2319
76.1412
82.7111
70.1822
72.4619
78.0531
73.5399
70.705
76.7573
75.6787
76.9361
66.7528
77.9011
77.7763
67.8569
59.4139
78.3804
74.1372
66.533
73.6316
75.7493
80.7308
61.3382
85.4823
74.2317
67.7022
66.8236
75.7755
73.5427
66.0863
76.375
76.6381
72.9973
66.3147
76.075
69.8258
71.334
83.7612
76.1767
72.9928
65.057
72.905
70.6362
62.1037
75.5054
76.3282
68.1535
62.531
74.1199
77.2052
69.4601
70.7159
75.0977
73.1638
71.1699
73.9784
71.917
64.6338
73.3962
77.2858
72.8028
68.2156
77.494
74.6226
61.6158
72.0443
73.1628
74.7096
69.851
80.4441
73.3947
61.7071
75.3875
74.3708
67.887
61.7247
68.7772
79.4819
75.1036
69.5558
72.7679
73.9379
66.3524
73.3908
75.6567
77.3973
64.05
72.4101
74.5388
73.119
74.0311
74.4543
79.8763
77.4005
76.513
78.3835
74.1957
71.46
72.7956
73.5547
71.385
70.9506
75.8943
75.2828
71.3397
71.1945
79.873
74.7599
65.6034
79.2779
75.6431
81.986
68.6447
78.8159
80.8339
75.9999
65.6493
81.0929
82.9117
70.6948
62.6048
75.2384
77.5166
68.362
76.132
77.4712
79.4376
72.8738
75.6698
74.1587
74.1662
63.3051
79.1503
79.1755
72.9897
64.9799
77.7962
77.2514
72.5524
65.7168
79.7291
79.0583
72.8166
65.8863
80.6731
78.1361
73.807
68.6008
81.0729
79.3718
72.8473
79.7355
77.537
75.2645
64.6788
78.8352
77.6183
73.4505
74.556
81.5765
76.4026
72.5265
74.2883
82.2795
80.3891
82.6838
79.3245
80.1416
83.8571
82.9882
80.8871
82.1891
81.4562
68.286
78.9219
81.5866
79.2331
80.7987
81.5342
80.3494
66.2456
75.8932
75.4145
77.02
66.6815
79.0784
82.3583
67.8713
76.9825
74.311
79.8218
71.0874
70.1923
75.5253
76.8972
71.6844
83.4517
69.8135
66.787
77.0163
81.0905
81.6924
76.8378
73.0105
74.7364
70.1004
78.1125
79.577
74.4344
78.4248
76.2588
72.7878
79.0157
76.593
74.5409
75.2716
74.6008
76.1764
74.0784
73.0344
71.8061
62.2943
63.4285
69.1254
70.7129
67.1426
62.6924
64.9301
65.6568
68.1433
65.7307
63.1814
64.1446
65.6301
65.5973
67.9384
70.4292
72.7382
70.6951
71.4538
75.6682
68.2846
67.4391
71.095
76.6504
68.4548
69.8199
74.3197
67.3021
78.6161
65.1903
73.3744
65.0137
66.032
68.5753
62.9138
68.2343
68.8432
67.4097
70.8504
68.0021
63.3276
66.257
69.3693
66.5771
62.9479
64.5457
66.4097
68.8196
65.446
67.7352
63.8893
70.2991
83.5391
68.642
65.2321
66.9612
70.7703
70.4521
65.4331
75.6009
68.6973
65.7694
66.6959
66.9142
68.0793
63.832
67.7183
67.0098
69.5524
66.6966
75.1094
70.3481
75.3028
68.8701
66.3595
74.0976
69.7142
66.5498
71.1524
71.3551
80.3326
69.628
68.1194
64.7175
65.3377
68.3676
66.177
66.7016
68.5098
70.1502
65.749
72.8447
70.3522
65.6939
65.6762
67.009
69.4471
69.1757
67.5844
67.9134
73.5064
67.007
74.4421
72.9589
69.0353
68.7145
67.6304
65.8762
69.39
70.9934
67.2124
70.4067
66.6627
70.4436
63.7397
65.7922
69.7766
77.6369
73.492
70.9424
72.0294
70.825
68.5103
72.7939
64.0373
66.3144
72.3444
69.7246
68.1563
69.2701
66.8868
65.0426
66.0134
72.2172
72.696
65.5892
65.9164
71.0176
69.8135
69.8097
74.9647
71.5389
67.0059
70.775
71.2939
66.6832
69.8241
67.9114
68.6409
69.2671
71.1225
69.7013
66.239
66.0836
75.7481
82.6426
66.7393
71.3931
72.6781
70.764
74.9446
74.7549
73.9522
74.5178
71.3892
73.3185
69.8871
69.333
71.3655
70.8971
70.2672
70.0648
71.3787
71.4598
80.2887
68.0477
68.4552
65.3354
70.4534
69.6675
69.6054
76.8658
70.961
68.2444
68.7565
70.8188
65.4404
65.3902
67.3162
71.9621
71.053
69.547
70.9299
70.3229
67.1279
64.8055
73.8709
69.7424
66.7897
74.378
69.8332
