13.9138
21.8083
27.1531
32.2536
32.284
32.2257
30.9541
33.2026
31.7917
34.8285
29.982
28.1534
28.6488
28.478
28.1068
27.462
28.7773
29.4485
28.2663
30.1117
24.6239
26.3208
24.7573
25.2789
26.5912
25.4004
25.7605
24.6459
25.6604
24.5497
23.9756
24.6083
30.4033
25.1485
23.9465
24.0385
24.9656
23.5173
24.6111
24.1678
25.1046
24.8523
24.7248
24.7132
24.4306
24.5462
24.6743
27.1057
25.4376
25.4558
25.3339
25.0444
24.113
25.0221
24.4113
27.9475
26.0042
23.6095
24.9489
25.6361
25.387
24.4085
24.4194
24.5307
30.7083
25.6193
24.9615
24.4772
24.7609
26.3598
25
26.3415
26.2001
24.8365
26.12
26.8826
29.9061
22.6284
24.6205
25.4271
26.8756
25.6132
24.5989
24.8554
25.7318
23.3815
23.1435
25.2863
24.8792
25.3244
24.2412
25.4895
30.5212
25.0927
25.8657
25.174
25.485
24.9967
26.7501
26.2335
26.5537
25.9971
22.9
24.7571
24.2926
24.3665
26.5138
24.9877
25.5853
24.4556
24.8316
25.0485
25.4174
28.1079
27.923
24.1733
25.6863
25.1994
27.6932
27.7457
27.8465
25.5984
27.7816
28.4028
32.1833
26.0322
26.1528
25.9872
40.5734
27.3976
28.8373
26.9119
26.6242
26.3794
27.2504
25.4789
24.9296
25.8353
26.3853
25.8748
23.8176
25.9378
24.6575
26.426
25.878
25.1558
24.9691
24.5623
27.4426
25.2934
24.2588
27.3893
25.3005
26.6145
26.998
27.8504
26.7229
27.7315
25.2774
27.4886
27.2489
26.2416
26.3462
24.9176
26.5181
24.5827
23.5724
24.5377
25.7236
25.8381
26.6707
26.6516
25.9652
25.2307
26.5039
27.292
26.8296
26.0764
30.2995
32.5258
30.6232
28.9279
29.5946
27.0972
27.1759
26.3613
29.6942
24.4639
28.1277
27.1207
26.7044
25.5309
23.4793
25.5383
26.4443
27.9533
25.7377
27.209
26.9296
26.3833
25.1308
26.4523
24.9501
26.5183
28.1205
27.5353
25.7964
26.7951
26.7683
26.0835
26.1891
26.1738
25.1192
24.663
26.3588
27.2737
26.4094
26.5644
30.5429
31.5238
26.2284
25.5006
26.2894
28.8736
27.2835
28.5481
27.8083
28.5537
26.6682
27.7399
30.3709
27.1296
27.1096
25.8343
29.3239
23.9689
27.3699
24.1555
28.0015
27.8105
26.9964
29.314
27.4701
25.8211
26.3725
26.1707
25.4455
25.088
25.9276
49.8188
26.0082
26.1577
28.0425
27.5678
24.9798
26.6127
50.0849
25.7817
27.341
26.0341
25.8403
26.0431
27.202
25.7163
25.833
25.1246
25.9332
28.7959
27.7644
27.2446
28.0116
26.2984
26.809
26.4036
25.9455
24.29
26.4311
25.9697
27.353
26.9344
29.0096
26.791
26.55
25.4127
26.3283
28.2619
24.959
24.3504
27.2876
25.7099
26.3739
27.2195
24.8025
25.2315
24.8615
25.2977
26.2274
27.1966
27.4204
25.3907
25.2249
27.6603
25.7861
25.8539
26.2143
25.6063
25.9776
25.0426
28.0217
27.563
26.5903
27.1233
26.9402
24.3949
26.5266
24.9769
25.1858
26.234
28.0855
27.3168
27.1893
25.5496
27.8444
25.6691
26.0528
26.8739
26.2576
27.3998
33.4648
25.843
30.0721
26.5442
27.0673
25.2035
24.5214
24.4813
26.0885
27.7637
27.7061
25.8132
27.5693
25.7516
28.3036
26.5323
23.8543
28.5892
25.1268
29.3926
27.3661
27.0252
34.462
34.5679
27.8295
26.7565
26.872
27.8527
27.1363
30.4464
33.8019
26.6538
32.1476
35.5563
29.7351
30.9521
25.7933
27.1011
31.7611
32.1618
30.3801
27.9169
29.4803
30.5045
30.0821
30.3721
28.7738
27.7635
29.9261
32.2405
30.039
37.972
31.2817
28.4654
28.102
32.421
41.2502
35.6626
33.496
33.8438
33.0137
33.6094
35.6195
35.3236
32.9318
33.6185
33.0295
33.217
26.4856
34.4279
32.6185
27.3753
34.4525
34.3971
38.5475
34.4632
31.5297
33.6509
33.0512
33.5248
32.7405
31.5399
27.0686
32.8429
32.3672
33.008
33.0093
29.8488
30.2833
29.2274
33.9155
29.2804
30.3068
26.9702
34.1805
36.4465
34.4916
31.0671
33.1461
28.6064
36.3789
28.1034
35.3517
37.8075
36.3463
35.7354
35.8052
36.7162
44.9241
38.5286
39.5804
32.1029
33.496
31.8901
36.4706
33.6497
30.9103
30.7806
32.473
34.3183
30.7882
31.7897
32.6632
28.8643
29.1023
31.6153
29.1949
31.3046
32.175
29.5943
30.4895
38.6711
30.0533
31.5258
29.6494
30.8821
31.2649
30.8322
27.7525
38.1806
33.4342
30.1528
32.8485
39.3554
35.762
32.7597
29.7189
29.657
29.9309
39.2077
31.505
30.0612
28.1911
29.5363
31.389
34.2877
31.1849
31.662
33.4531
34.0537
36.2088
32.6274
32.467
27.593
28.2708
30.6326
33.392
32.5995
29.9245
32.3562
31.2895
30.3853
31.2587
29.2177
30.1901
32.5519
32.716
31.3517
30.2177
31.1332
31.2153
33.2832
31.923
31.3566
86.555
33.2973
30.3034
29.6406
32.0599
31.0512
31.7451
32.5631
32.2275
32.3364
33.2612
34.3711
31.942
30.7337
32.7318
31.8435
32.8101
31.5538
30.9726
32.6261
32.5048
32.9467
34.9041
29.3008
32.2013
36.3969
38.5429
39.9848
32.2354
32.5135
39.0667
31.9925
32.549
34.8305
31.5624
34.2627
31.7327
33.6603
30.1148
38.4499
31.3564
29.8963
34.2714
35.416
32.5154
27.9703
34.9201
30.1985
34.1151
33.0905
28.179
27.7435
28.3156
35.1604
27.3838
28.9516
29.1498
29.9405
33.61
29.7418
29.9366
30.5169
28.5871
34.4574
29.8676
29.1141
34.3985
33.6574
32.8865
27.959
28.6194
30.2996
28.7695
32.5927
29.5382
34.7611
31.565
27.9707
30.7912
31.199
31.8319
27.6895
27.4691
29.9199
29.9864
31.3648
27.7817
32.6677
33.8488
30.9147
33.4705
29.9285
35.8157
30.4693
32.5344
35.333
38.6374
34.2819
34.3745
34.2866
30.6841
34.4815
34.0853
31.1081
31.5195
31.5501
30.3952
31.0049
28.9171
28.7495
27.2807
29.7145
30.4895
32.0857
31.8021
36.1195
33.6955
33.0842
30.8806
35.8262
26.91
32.1493
34.6585
29.07
33.6659
32.1277
33.2662
34.9665
32.9523
32.9652
34.378
32.4868
32.662
35.0493
31.0381
34.3601
32.8633
33.5807
30.0407
32.7132
33.3127
34.6517
34.383
36.5922
30.7513
33.6888
34.0572
26.9858
29.2943
32.9068
33.4742
28.3805
35.2819
32.79
30.5087
31.9695
33.9718
29.3137
36.0422
33.6725
28.6434
34.7162
29.1054
28.7313
37.0451
29.3068
28.5517
41.0292
43.0204
30.278
29.0939
29.315
32.628
32.7213
28.1901
28.5211
32.1504
31.33
30.4865
33.5978
34.0979
31.3118
33.4149
29.8022
30.5984
34.1726
30.1016
42.4065
31.7014
29.3284
35.0825
31.1863
32.7593
33.0717
31.7305
30.3814
33.7184
36.7147
37.2863
37.7935
35.5716
35.8067
33.2375
35.1575
34.1666
31.9866
36.4728
36.1581
35.6384
35.6434
34.2878
32.4578
33.9187
33.2359
32.6939
32.7186
34.6755
33.7952
36.9714
33.4948
33.4893
34.8743
32.431
37.627
34.0573
33.8582
33.0141
33.2991
36.5618
32.68
36.6752
30.5979
32.3205
35.0199
34.9115
34.7848
32.3916
33.633
38.0146
35.8118
38.1656
33.2079
33.7625
33.0169
34.0382
35.8248
35.0012
38.2625
33.4529
34.2449
34.1552
32.5879
32.2545
35.5918
30.3946
32.2218
33.7885
38.0581
33.5405
34.3627
35.816
33.6267
36.4578
34.5022
32.9099
32.3182
35.5769
33.9946
35.8626
34.0955
39.6566
38.6453
35.7894
34.674
32.4674
35.5926
36.1519
33.8859
38.2951
33.7141
34.0671
37.3448
34.4313
33.1105
34.9174
34.8481
34.4968
33.9467
32.6002
40.4692
36.9792
34.406
33.8462
35.5407
36.8773
33.0844
32.7635
33.8357
33.5106
36.5285
36.8555
38.8695
34.2785
34.1584
37.2935
33.8263
32.8417
32.8133
37.2329
35.2778
38.7309
35.6104
32.3717
36.0358
33.6512
35.8461
35.8783
37.4196
34.7861
34.5228
36.5466
32.3068
34.2888
37.2054
36.1065
35.7848
37.4206
34.4655
34.9568
36.912
37.1682
37.6414
35.3783
42.9446
38.5408
38.3805
34.7019
35.3875
37.8205
38.0819
35.6941
34.7077
38.9001
35.5284
41.415
39.0014
36.2562
39.0476
37.0907
35.9236
32.8543
36.225
36.1279
34.9923
33.6128
38.105
35.7218
38.3221
35.4516
34.8887
36.4007
37.2702
34.8414
35.0369
35.9302
37.7334
41.3023
35.7908
35.5341
35.3225
35.412
36.4055
37.4535
36.8264
37.706
34.1107
38.4434
39.0661
35.1747
35.3091
35.9462
38.6299
34.875
34.227
37.069
37.8012
34.5051
38.6426
37.8798
35.1327
36.3005
35.2564
34.1016
37.4578
35.6661
35.4002
36.257
33.7431
35.5791
38.5555
35.2601
34.9762
33.1914
33.7474
38.6955
36.8847
35.4087
33.8921
34.8011
36.665
39.4722
37.8431
34.2956
35.5016
40.3716
34.3636
33.1983
34.0421
33.4805
34.2199
34.8442
38.1403
37.2467
34.4551
38.089
34.4731
34.1875
32.9126
37.0681
35.0957
39.8459
33.8011
37.7941
41.7395
32.1658
38.8876
39.9189
35.8359
37.7174
38.9082
35.1624
33.2762
32.1851
37.873
33.4292
32.6065
32.7874
33.719
36.3733
36.2288
33.2701
32.6588
34.5278
34.7145
36.2205
30.5795
31.0192
34.1337
31.3568
30.405
31.2724
31.7814
34.5686
32.5514
31.5077
37.2664
31.3774
32.8368
31.8007
36.7393
32.9344
32.5617
34.0254
32.8417
31.2607
31.3966
40.2409
35.3159
31.4018
32.1415
33.5889
34.5373
32.3537
32.7403
31.8266
35.8405
33.6579
34.9133
34.1219
38.112
32.0509
34.2985
31.7503
32.7985
32.5579
33.2708
34.6115
39.0163
32.5569
37.9771
31.6162
34.8427
31.7205
36.598
32.4565
34.9579
35.0135
33.4104
31.3173
37.4989
35.8611
34.441
148.746
31.6429
33.9781
45.0247
37.8622
35.8591
33.7746
33.7212
36.2704
35.1527
32.0325
29.372
32.3739
36.9094
38.3517
36.831
32.7176
34.7976
33.0328
35.8963
33.2505
32.3042
33.2973
38.3591
32.1332
33.0657
32.633
37.4022
35.3986
32.5984
35.1126
36.1564
36.0415
34.5009
32.4138
35.1997
32.6217
33.1479
37.6103
34.6534
33.1507
32.7047
32.6763
33.6879
36.244
36.6291
35.6929
38.7736
38.4704
40.3042
41.8676
34.5896
39.2043
36.0419
39.1455
35.5352
32.8401
35.2568
33.2444
36.9892
33.9266
34.1618
32.499
34.4735
33.6481
33.9305
33.22
32.6956
34.1713
34.7346
36.0499
35.579
33.69
39.5836
38.6147
38.5554
36.8402
34.9004
34.974
35.722
36.3308
35.9946
33.6557
34.5866
37.7643
36.8793
36.4153
36.4355
34.5285
36.5571
35.1861
36.3683
35.6917
33.188
35.0663
35.0093
37.8991
35.9481
34.1754
35.2602
39.5543
38.5802
38.6504
35.1258
37.3148
37.7803
37.5938
38.1362
33.5158
34.9026
39.1418
39.1553
36.3965
34.4221
34.3943
39.0235
35.3347
31.3934
39.1177
35.6904
34.7184
36.0616
33.1713
35.143
35.6847
37.7179
38.877
37.7494
37.4974
37.5299
37.6609
38.6843
38.3444
33.8685
43.6334
39.2424
37.2684
38.2686
33.2667
34.6324
38.332
35.0598
37.9214
36.9159
34.4745
37.4528
36.8896
36.003
35.9446
34.684
37.3223
37.7605
40.1339
35.1029
32.8304
39.1074
38.3523
36.5608
35.3975
38.0337
35.66
36.7428
37.8979
34.9317
33.4308
34.8304
36.0876
34.6186
35.0402
34.2975
34.1606
37.5825
35.9046
41.7246
36.1815
35.4659
41.5248
39.1258
38.0325
36.5604
36.9841
38.5683
39.6481
36.8284
38.3063
43.5698
37.1863
35.8828
33.3751
34.2404
39.1934
38.2472
36.6629
34.9996
32.3957
37.2343
38.1085
34.6381
38.5705
36.7229
35.2531
38.2045
34.9919
34.9507
34.3744
35.8645
38.689
35.1224
35.3715
33.3375
36.7229
36.091
32.8339
34.9718
40.3981
35.9994
37.1538
39.2465
36.705
34.9593
36.8038
38.9963
39.3178
38.7899
37.6276
38.8139
41.3558
40.3076
44.9635
38.2111
38.4712
36.7327
41.9414
35.8916
36.0263
31.2984
52.69
40.189
35.9322
37.2646
35.7926
35.1936
36.0405
36.7863
35.8688
32.2023
33.5018
32.4718
32.9252
31.9355
34.5369
33.3386
33.2246
33.861
34.8409
33.8326
38.6
40.9577
34.5961
32.7196
37.0882
41.9601
31.6753
31.9468
32.5613
37.2084
30.9871
33.6251
44.4553
35.5326
34.6269
37.077
37.2606
36.4956
33.256
33.0451
33.776
36.9214
36.1205
34.9562
33.7205
34.464
33.4012
37.9673
34.3126
33.7329
33.0589
34.8213
32.5466
33.9826
34.3451
32.8443
35.2137
34.3854
40.2591
37.1083
37.139
37.4201
35.0019
34.3268
34.6691
33.9776
35.8352
34.4037
35.2446
40.5295
34.6683
37.3924
34.5797
35.7638
34.1627
33.8194
35.1087
34.8142
36.0558
34.0321
47.3409
37.7454
37.6317
45.7163
36.8974
36.327
36.5839
35.2099
34.6112
35.1194
33.9351
38.5034
34.4815
34.1223
33.9643
36.3327
34.8866
36.2312
34.9947
35.1095
33.6894
36.8524
36.6556
36.5671
35.2107
37.6349
34.6569
37.0147
33.3624
35.3138
36.2967
34.2775
33.9378
39.7213
35.1963
37.7439
35.8561
36.483
35.1472
35.5701
35.7015
35.2864
35.2583
34.9844
42.1172
35.3281
35.2202
35.643
34.8759
35.7669
34.8826
35.1239
34.3925
36.3499
37.5508
40.982
39.1103
36.7292
35.6352
34.2303
35.1667
36.2098
35.5524
36.2414
38.4217
42.5155
37.0463
35.6925
35.0253
36.0995
35.4166
35.9873
35.5006
35.0328
35.7254
34.7962
34.4505
38.1919
34.6814
35.3891
34.2218
34.8301
35.0638
34.8921
34.6734
38.1721
35.8613
34.7941
37.6619
34.9559
34.9982
34.9847
32.7823
35.177
32.9713
35.7858
34.7622
34.7427
34.6079
34.7646
33.1584
35.0226
33.2802
34.7413
34.5218
33.1271
35.0791
37.4472
35.4856
47.9205
35.4455
35.6683
37.4177
35.5738
36.7319
37.2586
36.3833
35.4488
34.7041
38.1345
38.1372
39.4887
38.1875
36.2185
37.1484
35.7582
37.7446
35.2115
39.0928
34.1826
36.8298
35.3381
39.5384
37.7946
35.8241
36.0004
39.9814
35.9337
39.1257
34.5888
35.4168
36.3586
35.1847
37.7832
37.5644
36.5861
38.3276
38.2298
37.6267
36.1525
35.7288
36.143
34.6514
37.3757
42.4331
35.9935
37.2187
38.1585
37.3046
37.9167
35.9645
37.9075
37.3171
37.8894
34.5436
38.4455
34.2632
38.4953
36.0427
39.2229
37.2024
36.5534
37.4513
37.1152
35.2522
35.9947
38.1369
34.8682
37.1486
37.6108
39.5246
38.0439
35.3966
37.871
36.2499
39.7248
37.8969
36.7221
37.9223
37.7528
38.3738
38.1184
38.0529
37.9231
36.7147
35.5501
37.8537
37.2638
52.7525
37.7054
35.6496
35.7414
35.9165
36.2143
37.6737
36.9192
37.927
38.6971
40.3458
40.4703
37.2469
38.09
39.6815
37.3304
38.8525
41.4679
39.2169
41.4996
39.342
36.8394
40.1218
36.4888
36.6302
37.0459
36.0432
36.6953
37.5974
36.1232
34.5344
38.4225
36.5275
39.217
44.5973
36.8925
35.6884
35.8507
35.9373
38.8171
36.3115
35.8093
36.5009
36.8146
36.0254
38.3834
36.1161
36.0647
35.0355
36.6289
35.3379
36.7392
36.2278
36.945
35.652
37.4409
36.677
35.6744
40.1339
35.8462
40.9701
39.3048
38.399
36.7733
38.8
38.8082
36.502
40.4469
38.2528
45.2253
42.2346
39.7717
43.7009
41.9514
41.5538
41.9904
41.9811
42.1297
43.026
41.341
42.0831
42.0149
36.5235
39.1333
42.9227
35.6297
36.8825
36.5934
36.5622
37.7358
38.6736
38.8256
40.385
41.375
43.6448
43.8653
58.8253
48.7831
41.4221
41.9318
40.7444
41.6204
39.6137
38.3877
39.2398
44.8091
44.5118
37.5071
39.7175
68.0233
40.6646
46.0586
40.8243
47.9976
46.9629
45.7297
42.9243
48.6122
43.3634
40.4895
39.4726
42.0563
41.0152
41.8359
41.4951
40.7296
40.7721
38.5354
38.5819
35.5148
37.209
37.2244
39.7737
40.918
40.8815
41.548
38.7079
38.3617
45.1625
39.6174
41.8769
35.9997
39.3278
39.4716
38.1941
37.0823
38.3742
36.8291
37.7551
33.9746
38.2135
36.261
38.7883
37.6722
41.147
36.0976
42.3736
40.0658
40.8694
41.4755
40.71
38.7233
39.9583
38.2334
41.4377
44.7255
41.5423
42.4929
39.8423
42.6328
45.2101
41.8251
41.6423
38.4698
38.9324
37.1573
37.7892
38.1173
40.0394
39.3349
44.0682
39.5763
36.5507
35.4651
39.1066
38.8801
39.4587
39.5643
35.5913
36.6518
35.7371
38.6886
39.5448
38.9137
39.9981
36.6291
36.6201
36.6145
40.2584
39.3346
36.2627
39.8213
39.3239
37.6732
41.4598
40.036
36.9644
40.3913
38.7749
46.7035
55.5526
47.2409
42.2778
41.5157
40.0979
41.4033
40.7873
39.9303
38.955
40.1254
44.4976
41.8964
39.246
38.5077
42.4219
44.9985
40.1626
37.9091
40.0299
40.106
41.5769
39.3731
42.8976
43.2249
43.6416
38.7546
39.2413
37.9596
40.8094
40.517
38.6326
40.898
46.1888
39.7337
38.9798
38.8776
39.0764
40.9365
38.4686
39.1757
39.0054
39.711
37.9609
41.1208
50.9613
38.4484
37.9759
37.3563
39.9851
38.2873
38.4369
36.9845
37.7399
42.1136
38.8238
39.171
37.4496
37.0008
41.8511
43.2413
42.6436
42.8211
34.4963
39.349
43.8684
43.2767
37.929
39.0017
38.7473
42.1199
34.1548
33.407
31.1051
35.2269
39.3146
37.0462
37.7064
35.5929
35.4735
35.1471
40.5328
34.7118
37.0973
37.9919
34.4456
35.7259
43.4038
40.9503
39.1679
40.082
34.6653
35.7669
38.7846
39.5948
39.6712
41.3364
36.4366
40.1849
39.9558
35.1593
39.9622
38.4055
37.5117
38.9909
39.9926
39.556
38.7055
38.6083
50.1822
43.7203
41.9534
38.9414
39.9791
41.275
41.2936
35.3867
40.6729
38.8705
35.4303
35.1597
35.8317
37.0607
37.4357
37.4441
35.2551
34.8024
37.7085
34.4267
36.8129
39.7489
40.7845
44.6338
37.8176
40.255
40.4751
40.467
49.0339
36.3852
36.479
43.3119
37.3649
41.0926
39.0713
40.2002
40.7217
33.9174
37.5955
38.7831
35.8793
41.2108
33.5821
34.7892
34.0495
35.5225
35.5889
35.9751
40.5133
35.5239
34.9605
36.523
36.1126
36.0461
37.288
35.8971
37.1343
39.5168
35.3457
37.9188
35.426
34.9899
34.3762
37.5092
35.4834
35.05
37.1426
38.4644
37.7506
39.4762
38.4461
37.3525
35.7655
34.5574
33.6153
32.3033
37.9075
36.3438
37.9142
39.8047
36.4573
37.6074
37.6757
35.9973
34.1446
34.8409
38.7864
35.2035
33.0624
34.9727
35.8583
44.4566
38.2824
42.1457
42.1308
44.199
43.7861
39.6634
37.4688
38.2446
43.3938
38.7552
38.3994
36.6919
36.2114
36.5835
38.818
35.4519
35.157
39.0306
39.2634
37.5449
39.4171
38.9176
35.4537
36.3975
39.0554
37.4317
40.2163
38.6776
39.6009
35.9204
39.8052
39.6658
40.0678
36.1403
35.7693
37.073
37.0077
32.3986
34.1207
35.9729
35.2271
37.7083
41.6498
35.3179
36.2982
34.1357
33.0013
39.9611
34.401
35.2615
35.3518
35.5817
34.4601
38.0963
38.9331
37.1142
36.9735
36.3403
36.475
36.2285
35.7057
33.9371
35.002
41.6211
41.0194
39.8057
41.2924
34.519
34.3457
33.8734
37.218
35.2031
32.1882
34.1472
37.5938
35.0126
35.9382
35.4312
33.642
35.6316
37.4592
37.6272
45.7763
41.1077
37.9585
37.5837
44.1509
41.0351
40.983
42.1423
37.0355
35.208
38.8405
33.3453
34.4083
35.68
37.5966
33.6129
37.616
41.1492
258.184
33.174
34.6451
36.9534
37.9862
32.9078
32.4566
37.1856
36.0844
36.8711
40.7502
38.9515
40.9827
40.8407
39.9843
37.7265
39.9421
39.4791
40.5466
37.0442
43.6086
38.0082
36.8346
40.0362
39.0802
37.1403
39.3333
33.8318
38.8668
41.4228
40.5086
35.9876
35.2982
41.3701
37.2605
36.1026
37.2666
34.7585
34.245
35.9482
38.6821
37.3933
37.7166
36.3677
37.0176
40.7527
36.3431
38.6202
37.3448
37.5014
37.9007
37.3393
34.7162
33.7793
38.1667
39.6022
36.852
37.0263
36.9029
36.153
37.7614
38.3274
40.9727
37.0624
37.2456
36.2716
39.7208
41.4082
38.8043
39.2068
41.1348
41.5353
41.5253
42.703
41.6107
43.0247
44.1798
46.8022
44.4435
40.9802
39.1067
41.3529
61.0325
41.9789
47.3252
50.2626
52.5785
49.485
44.2295
46.8588
48.1426
44.2466
44.8705
44.3889
41.2514
46.8327
44.1586
42.773
38.6377
42.8326
41.5828
40.5434
43.9533
48.1174
42.2432
43.8066
41.3711
48.5257
44.1607
44.1375
41.6905
43.6179
43.7706
39.8949
43.8947
46.3591
48.3549
44.6953
43.3825
47.5962
40.6224
41.4028
40.719
41.2415
43.519
44.4554
42.0723
41.6626
54.582
38.1364
39.5136
40.6294
39.207
42.516
46.1111
45.6744
43.6262
41.6576
38.5005
41.1089
43.1052
43.342
42.611
43.6693
38.8301
41.2784
43.1001
46.0087
39.931
42.7023
44.9569
41.0169
41.1129
40.2753
43.7003
45.3407
41.6475
44.3553
43.0573
44.1609
41.4892
44.7695
40.2624
40.1102
43.5858
42.3409
40.2893
42.8905
43.0316
39.3876
47.1786
43.9243
42.2647
44.4652
51.0286
46.5467
41.3244
38.1047
43.7611
47.8388
45.5877
43.6706
40.6517
42.4099
43.5075
41.5932
44.3949
44.9426
44.5048
44.5698
41.4393
43.5063
40.695
37.775
41.0571
42.0253
43.1651
40.8736
43.5409
47.2667
42.6561
41.7203
39.7142
46.522
42.2425
43.2631
40.4431
43.8701
44.0634
40.6043
43.4436
45.9172
46.1746
44.2453
45.3138
45.9966
44.2237
40.336
39.4289
41.1686
43.5193
39.0967
41.8255
40.0527
44.9808
40.9936
40.2013
44.7398
48.6404
41.2594
41.2181
47.1902
43.0611
40.1516
38.1967
44.6232
38.9145
37.8385
39.8194
41.9783
41.6608
38.0321
42.029
42.24
38.4302
39.9044
44.725
42.6252
40.6186
39.9779
37.3866
38.5771
39.4133
38.0553
40.089
40.1128
41.9805
42.144
39.118
39.0271
46.1717
45.7265
39.5984
40.0512
42.0933
44.4416
40.6236
48.8607
45.8405
43.0526
39.8969
46.8588
45.4283
39.8395
49.0647
41.7207
45.7581
44.4043
40.7533
38.5107
41.0855
40.0394
38.8426
43.1285
45.7935
43.6893
37.7475
38.3582
38.0304
38.1282
36.9937
40.1391
44.8616
44.2008
40.1245
42.847
43.1883
40.0612
39.9758
49.1965
43.9481
40.8161
38.8928
39.1446
43.1518
45.9684
39.3059
38.6057
41.05
41.9253
46.3501
77.9124
40.0793
39.6907
62.5765
47.4617
58.7508
50.4777
49.1823
46.0326
47.0295
49.4605
47.2038
40.4756
48.3215
44.5896
45.9209
45.2797
41.4239
40.9973
40.3862
41.3476
40.7266
44.3316
45.0018
44.0873
41.0848
41.3744
45.5138
45.9224
41.4833
46.3076
43.3681
45.3855
43.4839
42.948
45.3815
44.5238
40.5842
42.3786
38.4603
39.3612
39.4642
40.6047
40.4491
41.264
47.3286
48.2265
45.7197
41.276
47.9038
43.1643
43.9996
42.2169
41.1265
44.4546
40.8019
41.0863
40.5542
40.8878
44.1101
45.8192
42.3233
44.0772
40.0675
40.5745
42.5511
44.7536
42.204
43.2147
43.7925
44.9399
48.3109
46.6843
47.4133
41.9651
41.4702
39.691
41.3796
40.8477
44.6409
44.9766
40.9264
53.514
49.9649
46.3755
45.9732
42.5871
42.0075
42.6066
40.6232
41.9637
39.7798
43.4876
45.4248
42.0283
40.7265
44.1943
46.1404
45.9098
41.8434
46.3887
43.5685
47.6782
43.7709
45.3929
47.7315
42.9935
39.4127
41.6496
52.0099
49.791
44.6781
41.5114
43.0043
46.9013
40.8478
43.1473
43.1311
44.2207
42.9721
40.6658
42.4958
44.7986
44.1512
49.4147
52.6814
48.4057
45.6668
42.4428
44.8184
46.5123
47.4593
46.0433
43.8378
44.125
40.8699
44.3968
42.2137
45.5955
46.577
52.2633
43.7472
45.2464
43.6971
43.1583
43.2903
45.8046
48.977
47.9538
44.6438
50.4843
47.1634
43.4852
40.3203
40.6201
40.9279
46.1211
44.3529
45.1329
47.355
44.2887
39.6896
41.4998
41.1989
38.2489
38.9445
41.273
42.2363
44.6358
45.0014
47.1019
45.4307
49.4846
46.5369
41.5773
43.0608
41.8569
41.7098
39.857
46.1675
49.4636
44.7589
48.0596
42.7092
42.9275
40.9047
41.4727
38.4783
48.2107
44.2235
47.8419
44.9637
46.0125
42.1609
40.4065
44.3828
46.3556
46.9959
46.26
44.4661
42.9407
43.6296
45.0795
36.6975
38.5481
40.0904
37.0656
38.0964
39.4806
38.6311
35.3427
38.4994
35.8425
39.0297
39.4579
38.0063
38.605
37.8216
37.9674
34.9912
34.906
35.9863
37.8961
35.8234
36.2952
38.3159
46.3601
37.8025
44.7268
38.8952
36.0842
35.7079
37.8512
37.2543
40.9984
39.9849
39.3745
39.4359
42.3715
36.9773
37.3329
36.5367
35.7507
38.9259
38.8252
39.4568
39.1769
38.6074
39.4138
38.888
38.0147
36.7473
39.6388
37.9249
38.4059
41.4839
37.7299
38.495
37.9392
37.0584
37.3799
40.1827
38.3926
38.7739
38.3414
38.1219
37.3792
38.6938
37.1943
40.986
40.6557
37.6051
38.1105
41.3378
38.9563
38.5659
38.6542
39.522
37.7172
38.903
39.7846
38.2587
38.5842
38.9741
37.9726
37.9745
38.715
37.9327
40.6438
39.0801
40.0277
40.1231
38.3994
38.5707
37.5347
38.1342
42.1094
39.5853
37.9029
38.8772
37.8462
39.8125
40.1963
39.0745
37.62
37.7175
41.6828
37.1675
39.2872
38.3764
39.3119
39.1676
38.1232
40.9917
39.0008
39.0629
37.5034
41.6766
41.2573
41.9735
40.261
40.6051
40.4005
41.2157
42.9777
41.1989
40.6973
40.565
39.0409
38.9979
38.9287
39.569
39.9372
38.8868
38.6563
40.2965
39.6421
40.4145
41.6116
40.2961
40.8767
40.3139
39.1507
39.6514
43.0555
41.7733
40.9572
41.0855
45.3821
44.4397
43.3368
42.3478
40.0148
38.2922
39.4591
38.1334
41.4041
40.3288
38.5877
41.0623
39.886
39.0918
38.6212
48.8666
39.2843
39.357
40.5601
42.1843
39.3164
38.8412
39.2184
38.4682
39.1863
38.698
39.7164
40.1028
38.9678
40.7139
42.7563
41.2673
41.2687
38.7206
40.107
40.6116
39.3385
38.7953
38.0768
38.4253
40.9051
42.8896
44.938
41.0228
38.1428
39.4278
37.9187
40.1127
42.4733
39.8922
40.7491
40.8395
40.516
40.1312
39.5721
41.7314
40.0634
41.0515
40.1041
40.3514
39.3158
38.5798
39.4181
39.0667
41.3341
40.0004
39.3385
41.4235
38.0064
41.1322
39.8557
40.8643
40.3499
45.9915
41.3141
39.7928
39.1276
39.4206
40.0106
38.209
41.254
40.7878
39.7879
39.9725
38.4291
39.3838
39.1428
39.1248
40.7836
42.4739
44.0232
39.7626
38.2356
39.5208
41.3343
40.0751
40.0601
40.7397
39.5745
40.9221
38.7271
43.0367
38.3472
38.6392
47.8312
39.1969
40.0036
39.7008
40.9208
40.0877
39.2145
39.6549
39.0406
44.2728
39.405
45.4954
39.3028
39.4872
41.242
40.1342
40.8761
40.4781
41.5243
37.1853
39.3459
39.8737
37.8175
39.1718
40.2624
39.8015
43.2602
43.8579
38.3969
38.6942
39.9412
40.0655
44.0074
41.8465
41.0051
38.7425
41.2481
39.2868
39.3151
38.8761
39.6888
39.5054
39.6357
40.1547
40.1208
39.1185
41.8232
41.8046
40.9907
40.5885
43.8414
40.1903
38.5442
42.1398
38.4942
38.0576
40.2612
38.8289
39.3835
40.727
38.8703
38.5804
38.6207
39.6766
38.9708
40.9213
38.1082
36.7115
37.8828
37.9583
36.3996
35.7829
44.1981
39.7205
46.3588
40.7909
41.5619
41.3796
39.9975
39.5395
38.9081
42.151
39.9147
39.2518
39.0639
38.8024
39.4453
39.5679
39.5834
39.8213
42.9985
41.8688
41.1394
41.5348
42.0951
34.8306
38.4973
41.2962
39.1197
38.759
37.9624
37.55
40.0131
37.6481
38.4218
37.4932
37.3718
37.0786
41.9363
38.677
40.9422
40.1869
40.661
43.2482
44.7239
40.7871
39.0461
40.3908
40.8711
39.9268
41.24
41.1781
39.6107
39.4367
41.6594
39.9906
36.9775
39.7105
38.495
40.891
40.8494
41.058
38.4083
40.9516
45.0414
42.8632
45.9513
43.4523
45.2104
43.9378
46.0742
43.0769
41.1217
45.0607
43.1302
42.5897
45.7572
44.3786
39.014
41.0719
40.613
38.6711
38.1622
39.4666
39.7153
37.8805
39.6593
43.0945
39.0965
38.5509
38.6598
39.0801
38.8689
40.2241
42.1285
37.8492
38.5216
38.2136
36.6693
39.1733
39.7131
37.4167
39.2536
38.0044
39.354
36.8496
39.3973
40.8327
41.0012
40.6447
40.2307
39.3071
38.0427
39.9672
37.288
41.3297
44.7865
39.501
39.5502
39.4447
40.2333
42.0111
38.5501
40.732
39.0098
41.0697
38.347
39.933
40.9596
38.2628
39.9644
40.1704
39.037
39.3547
38.4251
38.3508
38.9235
39.6139
39.2524
38.4862
38.451
41.5577
39.199
42.506
39.2993
38.4693
38.7946
41.382
39.2954
40.3501
37.7827
38.5735
39.1057
39.516
39.5599
41.8737
39.0472
39.2411
52.9899
38.7563
38.7519
37.1191
38.6216
39.5524
38.2818
40.6727
38.4208
35.9846
36.6913
41.3484
43.9119
42.2064
40.009
42.5123
40.8955
39.9646
42.1799
42.6903
44.8009
45.5108
46.1629
46.1872
44.9603
37.1893
37.9137
39.7938
38.6763
47.2485
46.9679
46.0734
46.1917
43.6752
42.4808
39.5073
41.2506
42.1681
46.0053
41.7867
47.3427
44.7218
44.2303
43.2768
47.9652
47.313
47.0124
42.4615
44.0881
45.4381
50.4306
44.9605
45.6044
45.9361
49.5806
48.2449
44.7801
44.232
43.047
41.5423
45.2604
45.0531
42.4984
38.6243
43.6507
43.3495
42.2821
48.6677
49.7642
45.5456
45.5348
45.2242
45.5563
45.9757
45.5052
55.5089
49.4485
45.3596
46.6242
48.226
46.633
43.0931
43.6461
50.4254
52.5982
54.9531
51.9883
49.9129
44.1371
45.9418
45.1847
53.6942
66.8393
47.7915
49.2417
51.9612
47.3221
50.1272
42.694
51.5362
52.8878
53.0359
49.9167
50.0592
47.9157
45.5901
52.0828
45.9112
47.9123
49.6603
47.1232
45.7138
44.2849
44.6251
44.3405
44.1021
45.195
47.5859
45.4027
41.6353
40.6042
41.9036
39.4846
43.0798
44.8544
46.6185
45.3933
39.8854
43.3806
42.4521
40.7177
38.3389
41.5265
43.8196
42.143
44.1634
44.1844
48.5755
45.6451
40.2163
46.7232
41.6652
39.9627
41.6756
42.6677
39.7788
43.2379
44.9495
43.9573
42.9819
45.9524
48.3669
41.186
40.8553
47.2466
44.1148
40.733
46.1554
49.6561
41.724
39.7782
44.5216
38.3279
39.7518
46.7401
47.5186
44.3719
44.6664
46.0823
43.425
38.7223
41.451
47.7525
42.7262
41.6626
40.5107
41.0243
36.7841
36.7453
42.087
39.7486
42.8649
47.0553
45.7752
38.6918
39.6982
39.8715
40.104
40.0647
45.3031
45.8612
39.6714
40.6905
41.076
38.7288
40.4373
41.4162
39.7485
40.0719
42.8428
46.9856
39.0559
39.9593
43.6763
39.2288
35.6067
44.207
41.5834
42.7646
43.362
43.808
41.9919
36.249
45.0993
43.3629
40.1124
45.8149
42.9578
40.0645
38.8983
40.9949
42.1804
38.0613
41.9307
43.2291
40.2171
38.3941
44.4346
41.0173
43.9852
46.6781
48.7701
44.1991
39.061
40.1445
41.9057
38.3885
41.346
43.2186
40.7514
38.1133
44.1216
45.4228
41.2973
46.5198
46.1918
42.0817
39.2939
44.4854
41.7104
40.6937
42.4679
43.8608
42.4175
38.5029
42.6675
42.0504
41.3223
45.2713
47.053
42.4721
41.2496
44.4012
43.6642
41.8697
40.3907
42.8529
39.9691
42.0736
42.2131
46.4215
41.4224
43.5367
42.7622
43.7923
45.582
47.3876
49.35
43.9019
42.1136
42.8084
50.8148
43.9786
48.4752
44.6824
46.2229
42.5976
41.9042
43.1689
39.7455
36.9962
37.2449
39.7458
43.0675
39.8446
40.7642
39.4302
38.3836
39.9096
41.3339
42.0746
39.4216
38.3728
41.9059
43.06
38.6889
38.2984
41.0869
48.3725
47.8881
42.5603
41.3834
44.7206
44.8895
44.0238
39.6184
39.1756
39.4069
36.2586
41.6592
39.241
38.1668
34.9776
39.5552
40.2464
43.1268
40.0422
38.5794
41.2997
39.5007
38.8581
42.6598
44.226
38.7166
35.8206
38.8389
37.9705
43.0681
38.3734
38.1658
37.9339
37.9565
42.3989
40.9826
41.2197
42.2978
42.1242
41.6964
40.9779
42.9735
42.5324
42.4884
45.1856
42.8056
46.0259
39.3739
44.0779
46.6445
49.0236
46.1688
41.2671
42.5049
39.5215
40.0382
47.1468
51.6038
51.6762
42.105
42.0667
44.0476
42.8227
44.8592
48.0407
46.9565
43.7551
43.8535
47.6876
41.3892
43.2232
46.2352
46.882
46.5281
45.2411
44.3131
47.4821
45.8803
42.1984
46.2848
43.2828
43.7487
48.4715
47.7286
43.6171
50.0982
54.0715
52.6355
54.2568
52.5429
49.2503
45.2334
43.8134
48.5498
46.6823
45.991
51.4845
46.7594
43.7156
44.394
48.7419
44.7548
43.4105
48.27
52.0139
51.2145
50.7166
46.2952
47.0885
44.9434
48.2839
48.9163
46.9982
43.4569
49.4421
47.9185
44.5817
52.0317
52.3222
49.9427
45.4713
52.0065
51.5757
45.2414
46.9388
49.1821
47.8244
43.1551
53.6914
52.8755
45.8924
44.5206
44.7891
48.4901
43.8722
45.5615
49.9628
51.1773
51.4963
52.0914
48.9279
43.7063
46.731
46.4431
50.5326
44.0053
48.9001
50.785
47.0555
45.6902
52.2825
51.2398
42.3889
44.3152
49.6239
52.7424
48.2259
42.9533
51.3176
53.6625
49.09
52.5687
51.2144
52.0077
43.6998
47.4133
45.0515
47.5568
49.5948
50.1748
49.8248
44.907
49.4617
45.6999
46.4802
47.8986
47.2492
50.2078
43.9405
46.5662
45.8571
47.1326
42.4479
52.9915
45.8802
41.4489
46.1353
45.3227
48.6694
42.982
44.3428
51.5835
44.5878
45.7674
48.555
43.3834
42.7759
46.9642
49.9529
47.9774
46.5448
48.1403
46.4167
43.7825
49.2732
46.6871
41.4281
48.1039
47.9153
46.5868
47.8333
53.4694
51.6427
50.8917
51.0428
51.2768
53.7317
47.8174
49.9089
48.6177
44.8746
44.6134
46.1145
47.6589
43.9234
50.4104
50.4409
53.9921
53.099
45.5155
43.1889
45.5935
46.7935
47.011
46.5857
44.4742
42.1832
47.1447
48.5125
48.198
46.7477
51.6804
51.4726
43.2611
50.4081
48.4118
54.5096
48.9382
51.1912
50.5175
50.2282
43.0506
49.2837
50.2927
47.8875
52.0935
52.7935
49.66
46.0459
49.8361
49.9937
41.6303
42.3526
46.1598
50.6925
50.1859
51.2016
52.8211
47.8587
42.6998
49.9933
53.3359
41.6462
44.311
51.1565
49.23
45.709
44.999
52.9314
51.938
50.8884
49.3622
63.7254
50.7739
49.2421
48.0079
50.7078
51.3133
53.8581
46.5831
49.4649
47.2847
46.6613
53.8263
45.8095
52.6856
43.3649
52.011
52.0131
51.0565
52.1059
49.365
55.0045
49.4907
52.5229
51.0516
48.1886
49.5212
46.2782
48.5356
53.8682
46.6578
50.68
48.4563
49.9397
48.4109
49.456
50.1709
54.8355
47.9984
55.4709
50.294
49.0148
45.458
48.8303
42.3831
42.5153
46.5349
49.7362
52.5337
53.4862
50.6457
46.7681
43.7201
46.3968
52.8009
48.0654
44.9991
54.7307
48.5318
55.4006
63.0304
52.3459
50.5436
50.7133
51.0961
49.4115
45.3954
51.3289
50.7911
49.2205
45.7618
52.5036
49.3815
47.5281
45.8456
48.7308
46.4689
52.3627
46.1114
51.364
47.7204
44.877
43.5108
39.6993
45.5609
43.1872
44.4395
41.6733
44.5601
46.2975
49.3093
41.2762
40.8204
49.2559
43.7183
43.4477
46.5071
44.582
43.7574
42.1423
45.5054
44.6873
43.4099
44.0643
44.7601
43.812
43.3303
39.8072
39.5541
38.3068
40.8978
45.9876
52.5491
41.9431
38.9173
38.9818
38.9732
40.0357
38.0548
43.4443
39.0873
38.9314
39.175
39.3123
38.0723
38.1209
38.491
38.2341
42.4132
44.4262
42.4626
39.1774
40.9079
40.6162
41.5236
40.6206
35.5748
40.5515
40.6724
41.2235
42.8953
40.9117
43.0706
44.6435
40.008
47.4897
43.8333
42.1626
48.2469
42.1397
48.0504
50.5425
50.5167
57.2185
46.0601
44.4918
48.3806
47.577
50.8328
44.0384
44.9557
45.3674
44.8084
43.473
43.0745
40.4817
40.5109
46.6602
46.3733
44.0157
44.3483
40.2675
40.3767
40.1405
44.4318
43.357
43.2183
43.3699
44.3639
43.4679
42.6575
41.1083
43.378
41.6871
43.321
42.8739
42.5233
43.4179
43.7875
51.6364
44.9058
45.17
46.1246
44.7651
46.3591
42.8967
41.6733
41.8317
43.1404
42.0144
57.2269
43.8986
43.0438
42.8262
43.7451
40.3192
41.5604
42.6932
42.8751
43.5474
42.1633
44.1632
45.6289
42.2238
41.1725
46.7463
43.1861
48.8547
46.0788
45.716
41.185
41.3754
42.6801
42.4894
42.7472
41.696
40.5237
41.934
42.828
41.5764
44.0382
42.3416
42.8964
43.0133
42.9735
46.6981
47.3007
42.8986
42.5103
42.1408
40.7672
44.7029
39.3367
41.724
44.9834
50.5825
42.0243
40.6241
45.5172
42.7967
42.1061
41.1547
43.8258
42.1182
41.0972
40.6542
45.2618
46.0732
43.4658
39.8477
41.7718
38.2189
43.3785
41.946
43.8137
41.7643
43.1305
42.3639
40.0265
45.3955
41.6627
43.0512
45.3857
42.8641
43.5457
42.0951
45.9757
45.0226
48.7441
44.5426
47.031
44.0225
42.6025
